46	Limbs	0 : [82, 83, 84, 87, 300, 301, 302, 303, 373, 374, 446]
46	Limbs	1 : [17, 22, 24, 25, 111, 112, 202, 233, 234, 235, 236, 237, 238, 239, 240, 241, 295, 447, 449, 466]
27	abdomen	2 : [206, 207, 208, 214, 215, 216, 217, 218, 227, 309, 367, 410, 412, 422, 424, 433, 444]
27	abdomen	3 : [54, 55, 56, 57, 58, 59, 61, 307, 341, 342, 343, 344, 345, 346, 347, 348, 349, 350, 351, 352, 353, 405, 406, 407, 408, 411, 413, 414, 415]
27	abdomen	4 : [147, 148, 149, 150, 151]
13	Neck	5 : [28, 29, 40, 41, 42, 122, 162, 163, 164, 244, 262, 263, 271, 375, 383, 387]
7	Face	6 : [127, 128, 129, 130, 131, 264, 265, 266, 267, 268, 330, 331, 332, 333, 363, 364, 380]
46	Limbs	7 : [62, 63, 64, 65, 280, 284, 381, 472, 475, 476, 488]
44	Spine	8 : [311, 312, 313, 314, 315, 316, 317, 318, 319, 320, 321, 322, 323, 388, 429, 432, 435, 436, 438, 439, 443, 445]
24	RibsSternumClaviclesScapulae	9 : [166, 167, 168, 169, 382, 384, 385, 393, 425]
46	Limbs	10 : [67, 68, 69, 70, 71, 72, 285, 287, 288, 289, 290, 291, 477, 478]
47	Hands	11 : [12, 21, 108, 109, 296, 338, 450, 451, 452, 453, 454, 455, 459, 460, 462, 481]
7	Face	12 : [30, 31, 32, 33, 34, 35, 36, 124, 126, 310, 335, 336, 337, 339, 362, 365, 369, 370, 371, 378, 386, 389, 390, 394, 395, 396, 397, 399]
46	Limbs	13 : [105, 165, 223, 224, 225, 226, 361, 448, 456, 471]
8	Ears	14 : [37, 123, 245, 246, 247, 253, 260, 261, 366, 372, 377, 379, 391, 398, 400]
7	Face	15 : [39, 125, 248, 249, 250, 251, 252, 254, 255, 256, 257, 258, 259, 334, 392]
22	chest	16 : [47, 48, 49, 93, 94, 95, 97, 273, 274, 275]
44	Spine	17 : [170, 171, 172, 173, 174, 175, 176, 177, 428, 430, 431, 437, 442]
22	chest	18 : [354, 355, 356, 357, 358, 359]
46	Limbs	19 : [3, 19, 23, 98, 186, 196, 197, 421, 461, 482, 490]
46	Limbs	20 : [4, 5, 6, 7, 8, 9, 10, 14, 15, 16, 18, 20, 305, 465]
46	Limbs	21 : [99, 100, 101, 102, 103, 104, 110, 113, 114, 222, 230, 464]
22	chest	22 : [1, 2, 44, 45, 46, 96, 220, 419, 420]
27	abdomen	23 : [50, 51, 52, 53, 209, 210, 211, 212, 213]
24	RibsSternumClaviclesScapulae	24 : [423, 467, 468, 469, 470, 485, 487, 494, 495, 496, 497, 498]
46	Limbs	25 : [66, 85, 180, 181, 182, 183, 199, 201, 286, 486, 499, 500, 501]
48	Feet	26 : [26, 43, 116, 184, 185, 187, 195, 198, 219, 242, 360, 368, 458, 480, 489]
46	Limbs	27 : [38, 152, 153, 154, 155, 156, 157, 158, 159, 160, 161, 178, 179, 281, 434, 484]
48	Feet	28 : [73, 74, 75, 76, 77, 297, 493]
6	Head	29 : [132, 133, 134, 135, 269, 270, 324, 325, 326, 327, 328, 329, 376]
46	Limbs	30 : [86, 88, 221, 282, 283, 304, 306, 418, 473, 474]
48	Feet	31 : [78, 193, 200]
24	RibsSternumClaviclesScapulae	32 : [27, 117, 118, 119, 243, 440]
47	Hands	33 : [11, 13, 106, 107, 188, 189, 190, 191, 192, 228, 229, 457, 463, 483, 492]
24	RibsSternumClaviclesScapulae	34 : [115, 120, 121, 272, 426]
27	abdomen	35 : [89, 90, 91, 92, 276, 277, 278, 279, 308, 402, 403, 404, 409, 417]
44	Spine	36 : [136, 137, 138, 139, 140, 141, 142, 143, 144, 145, 146, 427, 441]
48	Feet	37 : [79, 80, 81, 194, 299, 479]
48	Feet	38 : [231, 232, 292, 293, 294, 298, 491]
27	abdomen	39 : [60, 203, 204, 205, 340, 401, 416]
