
242900	9	10	12	13	16	28	39	42	44	45	46	57
243000	8	10	11	41	42	47	48	57	58
243150	15	21	28	29	31	33
243300	29	30
243310	6	7	8	9	10	11	13	15	16	35	37	44	46	48	57
243500	33	57
243605	6	7	8	9	10	11	15	32	33	39	47	57
243700	17	20	57
243800	6	8	9	10	12	15	25	29	30	33	35	36	37	38	39	42	47	55	57
244200	8	10	23	25	35	38	47	48	55	57
244400	6	8	9	10	15	20	21	27	32	37	57
244450	6	7	8	9	10	11	12	17	19	23	33	36	44	47	48	57
244460	6	7	9	12	24	42	43	46	47	48	57
245000	11	12	57
245010	12	47	48
245150	7	8	10	15	16	18	19	20	24	42	46	47	48	57
245200	8	9	33	57	58
245340	55
245348	6	9	57
245349	6	9	11	23	57
245400	8	17	33	55	57
245570	57
245600	6	7	8	9	10	11	12	13	15	16	21	23	24	28	42	44	45	46	47	48	55	57
245800	9	35	47	57
245900	9	39
246200	7	8	9	10	11	25	28	29	30	35	36	37	38	42	47	48	55
246700	33	58
246900	6	15	29	33	57
247100	7	9	11	19	57
247200	6	7	8	9	10	11	12	15	21	28	33	37	39	47	57
248000	6	7	9	46	57
248190	9	39	41
248250	9	33	39	41	55	57
248300	11	47
248340	8	9	11	47
248360	15	33	55	57
248370	7	9	10	11	12	24	42	43	47	48	55
248390	7	8	9	11
248450	9	10	33
248500	6	7	8	9	10	11	12	23	24	29	32	35	42	43	44	46	57
248510	7	8	9	16	55	57	58
248600	30	33	57
248700	6	7	8	9	10	11	13	15	21	24	33	35	37	39	44	46	47	48	55	57
248800	6	9	42	44	46	47	48	55	57
248900	11	33	55	57	58
249000	6	7	8	9	11	13	15	16	19	21	31	32	33	35	36	37	38	39	40	41	46	47	48	57
249100	15	21	29	32	33	35	39	42	57
249270	8	9	15	27	33	37	57
249400	57
249420	6	7	8	9	10	11	12	15	24	42	43	44	45	46	47	48	57
249700	7	44	46	47
249900	33	41	55	57	58
250100	9	31	41	57	58
250220	6	8	10	13	15	23	24	42	43	44	45	46	47	48	57
250250	6	33	44	46	47
250400	42	46	57
250410	6	7	8	9	15	39	43	47	48	57
250460	42	46	47
250620	6	7	9	15	33	55	57
250790	35
250800	6	9	17	57
250850	11	57
250940	9	55	57
250950	9	41	57
251000	15	29	30	33	39	57
251100	17	29	33	57
251110	17	29	33	57
251120	33
251200	6	57
251255	6	10	11	44	46	47	48	57
251260	6	7	8	10	11	18	20	21	33	39	57
251270	6	7	9	57
251290	6	7	8	9	10	11	17	29	32	39	57
251300	6	7	8	9	10	11	33	39	42	47	48	55	57
251450	7	9	10	11	13	23	24	42	44	45	46	47	48	57
251750	9	11	24
251880	6	9	28	29	32	33	57	58
251950	55	57
252010	6	8	9	15	17	29	33	55	57
252011	9	15	42	55	57
252150	6	7	9	10	11	33	43	55	57
252160	6	7	9	10	11	33	43	55	57
252500	7	8	9	10	11	15	20	21	23	24	28	29	32	35	42	43	44	45	46	47	48	57
252600	7	9	15	24	42	43	44	45	46	47	57
252605	7	9	13	15	23	24	42	44	45	46	47	57
252650	6	9	33	57
252900	7	8	9	15	18	29	32	33	42	43	44	46	57
252920	7	8	9	15	18	24	29	32	33	42	43	44	46	57
252930	7	8	9	10	11	15	18	24	29	32	33	42	43	44	46	55	57
252940	7	8	9	10	11	13	15	18	24	29	32	33	42	44	46	57
253000	7	8	9	11	12	15	18	21	24	28	29	42	44	45	46	47	57
253010	7	8	9	11	12	15	16	20	21	24	28	29	42	44	45	46	47	57
253200	6	7	8	9	10	11	15	18	24	28	29	32	42	43	44	45	46	47	57	58
253220	6	7	8	9	13	15	24	28	29	32	42	43	44	45	46	47	48	57
253250	6	7	9	10	11	12	15	16	29	43	46	55	57
253260	8	9	17	29	32	33	57
253270	17	33	57
253280	6	7	9	10	11	55	57
253290	7	8	9	10	11	13	15	21	24	42	44	46	47	55	57
253300	15	17	57
253310	7	21	24	46	55	57
253400	55	57	58
253550	57
253600	7	46	55
253601	55
253700	15	21	44	46	55
253800	9	15	17	42	44	55	57	58
254090	7	8	11	13	17	42	44	45	46	47	48	55	58
254110	7	13	55	58
254130	55
254210	9	17	33	42	55	58
254300	7	9	17	55
254770	57
254780	9	29	57
254800	57
254900	9	33	39	57
255100	15	17	33	44	55
255110	39	55
255120	15	29	33	55	57
255125	55
255160	7	11	15	17	44	55
255200	7	9	11	17	24	33	42	44	47	48	55	57	58
255310	7	9	11	15	17	33	42	44	45	46	55
255320	7	9	11	17	33	42	44	55	57	58
255600	7	11	13	17	42	44	55
255700	9	11	33	55
255800	7	8	9	11	13	24	28	35	37	42	43	44	45	46	47	48	55	57
255960	15
255995	7	8	9	11	17	33	35	42	44	48	55	57	58
256000	9	17	55	57
256030	7	8	9	11	13	17	23	33	42	44	55	57
256040	7	9	11	15	27	29	32	42	46	47	48	55	57
256050	7	10	11	13	21	24	44	45	46
256100	39
256300	39	55
256370	39
256450	30	57
256500	9	20	33	55	57
256520	6	7	8	9	10	11	13	15	16	21	37	38	39	42	46	47	48	57
256550	7	8	9	15	28	29	32	35	42	46	55	57
256600	57	58
256700	9	16	22	27	33	42	57
256710	9	57
256730	6	9	46	57
256731	9	57
256800	9	11	16	42	47	48	57	58
256810	9	29	33	42	47	48	57	58
256840	46	47	48	58
256850	7	9	44	47	48	57	58
257200	9	17	21	28	29	32	33	42	57
257220	9	29	32	33	57
257300	6	7	8	9	10	11	13	24	33	34	35	37	39	57
257850	6	7	8	9	10	11	12	42	43	47	48	57
257920	6	7	8	9	11	12	15	25	39	43	44	46	47	48	57
257980	9	11	12
258100	9
258315	7	9	10	11	13	15	16	28	37	45	46
258450	9	15	17	33	48	55	57	58
258480	6	7	9	10	13	17	23	24	28	39	43	44	45	46	47	48	57
258501	9	57
258860	7	8	9	11	23	46	47	48	57
258870	9	55
258900	15	34	57
259050	6	7	8	9	11	24	25	37	42	43	44	45	46	47	48	55	57
259100	7	9	11	16	24	42	43	46	47	48
259420	7	8	12	21	24	42	43	44	45	46	57
259440	9	42	44	46
259450	24	42	44	45	48
259600	42	45	46	47	48
259700	6	7	8	9	12	29	32	42	43	44	45	46	57
259770	6	9	15	23	42	43	44	46	57
259775	6	7	8	9	10	11	12	13	21	23	24	35	39	40	42	43	44	45	46	47	48	57
259900	9	12	15	16	39	42	58
260000	39
260005	27	33	39
260300	9	48	57
260350	30
260370	30
260400	15	21	23	24	29	30	33	39	42	44	45	46	57
260500	9	33	57
260565	6	7	9	10	11	33	47	55	57
260600	6	7	9	42	44	55	57
260660	7	8	9	11	23	24	35	36	39	44	45	46	47	48	57
260920	9	32	33	46	57
261000	33	58
261100	33	57	58
261515	6	7	8	9	10	11	23	29	33	39	42	47	48	55	57	58
261540	6	7	8	9	11	12	13	15	24	25	28	31	33	35	36	37	38	39	40	42	44	45	46	47	48	57
261600	6	9	57	58
261630	6	11	33	57
261640	6	9	11	33	57
261670	39	55
261740	7	11	15	16	21	28	39	55	57
261750	29	33	55
262000	8	9	34	57
262190	7	11	12	35	36	57
262300	9
262600	57
262700	42	43
263200	7	16	21	29	30	31	32	33	39
263210	6	7	8	9	10	13	15	21	26	29	30	39	42	43	44	45	46	47	48
263300	15	16	32	33	57
263400	16	57
263520	6	11	15	18	19	21	23	24	29	33	35	36	39	42	46	47	48	57
263570	9	16	41	57	58
263650	7	8	9	10	11	24	25	28	33	35	36	37	45	47	48
263700	9	11	31	32	42	44	46	47
263750	7	8	9	10	11	12	24	25	33	35	37	39	43	44	45	46	47	48
263800	27	39	42	55	57
264070	57
264350	17	33	39
264470	6	7	8	9	10	23	29	33	57
264600	35	37
264700	6	12	24	28	42	43	46	55	57
264800	9	11	15	16	33	38	39	41	57
265000	7	8	9	11	13	17	21	24	25	26	28	35	36	37	42	44	45	46	47	48	55
265050	6	7	8	9	10	11	13	35	39	42	43	44	46	55	57
265100	21
265120	16	17	21	47
265380	15	16	17	21	30	31	33	39	40	41
265450	15	16	21
265800	6	7	10	11	12	24	42	43	44	45	47
265900	12	24	42	43	45	46	47
266100	17	57
266150	29	39	57
266200	29	31	32
266265	6	8	11	21	55	57
266500	9	10	15	42	47	48	58
266510	7	8	9	10	29	33	42	57	58
266600	11	33
266900	9	39
266920	6	9	23	24	29	39	43	46	47	48	57
267000	7	8	10	11	16	26	28	30	33	35	39	57
267010	29	39	57
267300	8	39
267430	6	7	16	21	39	43
267750	9	43	57
268130	9	11	57
268200	39	55
268300	6	7	8	9	10	11	13	15	16	31	32	35	36	37	38	39	43	46	47	48	57
268305	7	8	10	11	12	19	24	33	43	45	46	47	48	57
268310	6	7	8	9	10	11	12	13	15	24	28	35	36	37	39	42	44	46	47	48	57
268400	7	9	10	12	30	33	37	42	44	45	46	47	48	57
269000	6	7	8	9	10	11	15	43	45	46	47	57
269150	6	7	8	9	10	11	13	15	18	24	25	35	36	38	39	40	43	45	46	47	48	57
269250	6	7	11	13	23	24	44	45	46	47	48
269400	9
269500	7	8	9	10	12	24	43	44	45	46	47	57
269700	7	8	15	28	29	30	32	33	34	36	38	39	42	47	48	55	57
269840	21	29	32	33
269880	7	8	9	10	11	12	35	42	46	47	55	57
269920	7	9	10	11	15	24	27	29	32	39	42	43	46	48	57
269921	7	8	9	10	17	23	25	28	29	32	35	44	48	57
270100	15	16	27	32
270200	9	12	44	47	48	57
270300	20
270400	6	7	8	9	10	11	12	15	16	21	33	35	37	39	40	42	45	46	47	48	57
270420	6	7	8	9	10	28	33	40	42	47
270450	6	7	10	11	23	42	47	57
270550	9	41	47	48	55	57	58
270685	48	57	58
270700	8	9	33	41	48	55	57	58
270750	6	7	57	58
270800	8	9	41	48	57	58
270960	37	38
271150	55	57
271245	8	9	29	38	55	57	58
271400	32
271640	7	9	11	13	15	23	24	42	44	45	46	47	48	57
271665	7	9	10	11	13	20	21	23	24	42	43	44	45	46	47	48	57
271700	7	8	23	42	44	45	46	47	48
271900	6	8	9	57
271930	9	33	57
271980	9	57
272200	7	8	9	10	29	32	42	44	47	55	57
272300	9	12	57
272430	7	8	9	10	11	13	17	33	44	46	47	48	55	57	58
272440	6	7	9	10	11	12	15	16	37	43	47	48	57
272460	7	8	9	10	11	12	13	21	39	42	44	45	46	47	48
272750	9	55	57
272800	9	20	57
273300	37
273395	7	8	9	10	11	16	18	21	26	28	32	33	35	38	39	41	45	46	57
273750	6	7	9	10	11	13	17	23	24	28	35	42	43	44	45	46	47	48	57
273800	10	11	33	38	57
273900	10
274000	6	7	9	10	15	24	30	33	44	45	46	47	55	57
274150	21	29	39	57
274270	6	9	57
274400	11	13	28	33	57
274500	13
274600	8	13
274700	13	57
274800	13	57
274900	13	57
275100	10	11	28	43	55	57
275210	6	7	8	9	10	11	12	15	16	21	23	24	35	40	43	44	46	48
275350	11	33	55	57
275630	8	9	11	29	55	57
275900	7	9	11	44	46	47	48	55	57
276300	33	57
276700	15	28	29	30	32	33	39	42	55	57	58
276710	57
276820	7	8	9	10	11	13	23	24	25	35	36	37	38	43	44	45	46	47	48	57
276880	9	57
276900	8	9	57
276901	8	9
276902	9	10
276904	8	9
277170	7	8	9	10	11	39	47	48	57
277180	37
277380	8	9	11	33	57
277400	6	7	8	9	16	33	39	57
277410	9	57
277440	6	8	12	24	28	42	43	46	55	57
277470	6	9	33	55	57
277480	10	42
277580	8	9	33
277590	6	7	8	9	10	24	25	28	35	37	42	44	45	46	47	48	57
277600	6	7	9	10	11	12	15	24	42	43	44	46	47	48	57
277610	7	8	9	10	11	44	45	46	57
277700	7	9	10	15	42	46
277900	9	29	33	39	42	46	57	58
278000	29	32	39
278150	9
278250	6	7	8	9	10	11	12	17	24	28	35	37	42	43	44	45	46	47	48	55	57
278720	9
278730	6	8	9	57
278760	6	8	9	42	44	57
278780	6	9	48	57
278850	25	35	37	38
194071	39
194072	9	35	37	38	39	57
194080	16	26	35	36	37	38	39
194380	9	15	16	21	27	29	31	32	39
200100	9	33	57	58
200110	7	8	9	10	11	25	28	35	36	47	48	57
200150	7	13	33	48	55	57	58
200500	46	47	48
200600	10	13	23	24	28	43	44	45	46	47	48
200610	11	13	23	24	28	44	45	46	47	48
200700	46	47	48
200990	6	7	8	9	10	11	15	28	33	35	37	38	47	48	57
201000	6	7	8	9	10	11	12	13	15	16	28	32	37	39	40	43	44	45	46	47	48	57
201100	11	29	32	33	37	57
201250	45	46	47	48
201300	9	11	33	42	47	48	55	58
201450	29	33	57
201470	7	9	15	33	42	44	55	57
201475	15	17	29	33	55	57
201750	6	7	8	9	10	19	20	33	35	36	37	38	39	43	44	46	47	48	57
201810	35	36	39
202010	16	35	36	38	39	42	46
202200	42	57
202650	6	7	8	9	10	11	17	19	20	27	57
203100	9
203200	9
203290	9
203300	9	10	11	15	21	33	39
203400	16	33	39
203450	6	57
203500	8	9	15	37	39	42	44	48
203700	9	29	33	55	57
203750	33	57
203780	8	9	16	39
203800	8	9	12	15	16	20	25	29	39	42	43	44	47	48	56
204000	8	9	29	57
204200	9	15	55	57
204300	57
204500	9	57
204650	7	11	12
204690	12	39	41
204700	12
204750	6	55	57
204870	9
205100	7	11	33	55	57	58
205400	7	9	11	15	16	29	32	55	56	58
206200	33
206700	9	57
206900	6	7	8	9	12	15	16	24	33	35	37	44	57
206920	7	8	9	10	11	16	45	46	47	48	57
207410	6	7	8	9	10	15	20	24	43	45	46	47	48	57
207750	9	29	30	32
207800	28	57
207900	29	33	57
208000	8	9	13	15	16	28	42
208050	7	9	10	11	15	16	23	26	28	33	42	47	48	57
208085	6	7	8	15	29	39	42	45	48	57
208150	7	8	9	10	11	13	21	23	24	33	37	45	46	47	48	55	57
208230	42	44	45	46	47	48	55
208400	6	7	9	10	11	15	21	28	29	33	35	42	43	44	46	57
208530	15	21	27	29	32
208540	7	15	16	21	27	29	30	31	32	33	39	40	57
208900	6	20	37	38	57
208920	9	44	48	55	57	58
209880	9	17	33	57
209885	7	8	9	10	11	12	23	35	36	57
209900	9	11	12	29	33	35	39	47	48	57
209920	20	29	31	33	34	57
210000	9	46	57	58
210200	17	29	33	55	57
210210	17	29	33	55	57
210250	16	27	29	32	46	55
210370	9
210600	6	7	8	9	10	11	12	24	35	36	37	42	44	45	46	47	48	57
210710	6	7	8	9	10	13	15	16	24	29	35	37	39	42	43	44	45	46	47	48	57
210720	6	7	8	9	10	12	23	24	35	42	43	45	46	47	48	57
210900	6	7	8	10	12	20	21	37	38	47	57
211400	20	21
211530	7	8	9	11	13	17	19	26	33	44	47	55	57	58
211600	29	32	33
211750	6	7	8	9	10	11	15	16	24	28	29	36	37	39	42	44	45	46	47	48	57
211800	15	16	42	44	46	47	48
211900	9	12	16	39	42	46
212050	6	11	33	38	48	57
212065	6	7	8	9	10	11	15	25	29	33	38	39	42	44	46	55	57	58
212066	6	7	8	9	10	11	12	13	15	23	42	44	45	46	47	48	57
212093	15	16
212112	7	9	10	15	23	24	37	38	42	47	48	55	57
212138	15	17	29	55	57
212140	15	29	55	57
212350	9	15	17	55	57
212500	9
212550	9
212720	6	7	8	9	10	11	12	15	17	20	24	25	33	35	37	44	46	47	48	57
212750	11	12	28	33	42	46	57	58
212780	7	9	39	46	47	48
212840	37	38	57
213200	9	48	55	57	58
213300	6	7	8	9	10	11	17	29	39	47	48	57
213600	41	57
213700	9	15	21	42	46	57	58
213980	6	7	8	9	10	11	12	13	15	16	24	25	33	39	43	44	47	48	57
214100	6	7	8	9	10	11	13	15	16	21	23	29	33	35	36	37	39	42	43	46	47	48	57
214150	6	7	8	9	10	11	25	42	44	45	46	47	48	57
214300	8	11	13	15	24	43	44
214400	44	47	48	58
214450	9	57
214500	9	11	29	32	55	57	58
214700	16	28	33	39
214800	6	7	8	9	10	11	15	16	24	33	34	35	36	37	39	46	57	58
214950	28	33
215045	7	19	24	42	45	46	47	48
215100	6	7	8	9	10	11	21	42	44	46	57
215140	6	7	8	9	10	19	20	23	24	29	42	43	44	45	46	47
215150	7	8	9	10	11	21	42	43	44	45	46	47	48
215400	43	44
215470	9	34	55	57	58
215700	29	33	57
216340	6	7	8	9	10	11	12	13	15	16	24	25	33	35	37	43	45	47	48	57
216360	9	17	29	32	39	57
216400	6	7	8	9	10	12	15	16	29	32	35	39	43	44	45	46	47	55	57	58
216550	6	7	9	10	11	12	15	44	46	47	48	57
216820	9
216900	9
217000	55
217080	9	12
217085	9	11	15	16	47	48
217090	6	8	9	11	12	16	17	18	19	20	21	33	38	39	57
217300	9
218000	6	7	8	9	10	11	17	42	44	47	48	55	57	58
218030	16	39
218040	6	7	8	9	10	11	12	13	15	17	20	21	23	33	39	46	47	48	57
218330	6	7	9	10	11	12	15	23	24	28	29	39	42	43	46	47	48
218340	7	8	9	10	12	45	46	47	48	57
218400	6	7	8	9	10	11	12	18	24	43	46	47	57
218600	6	7	8	9	10	11	15	28	36	39	43	44	46	47	57
218700	6	11	15	18	28	31	33	42	57
218800	57
219000	7	8	9	10	11	12	19	25	28	35	36	37	38	39	45	46	57
219050	35
219080	7	16	42	44	55	57
219100	6	7	15	16	17	21	24	26	28	35	36	41	42	47
219150	6	7	8	9	10	11	23	28	37	42	43	44	45	47	48	55	57
219200	6	7	8	9	10	11	12	33	42	43	45	55	57
219700	15	20	30	31	33	37	38
219730	15	39	47	57
219750	9	39
219800	7	9	24	29	30	32	39	42	46	55	57
219900	9	39	42
220100	34	39	40	41
220110	8	9	15	17	29	39	55	57
220111	6	7	9	10	17	29	55	57
220120	6	55	57
220150	39
220210	6	7	8	9	10	11	15	24	33	35	39	44	47	57
220290	8
220400	8	15
220500	6	7	8	9	10	11	15	39	47	48	57	58
220600	8	44	46	47	48
221200	8	9
221750	8	13	57
221770	41	46	47	48	57
221820	57
222300	8	9	15	37	39	40	41	47	57
222448	6	7	8	9	10	15	21	26	28	33	38	43	57
222470	7	8	9	10	11	15	29	30	33	39	57
222600	6	8	11	17	22	44	45	46	47	48	57
222700	21	29	30	32	33	39	42	55	57
222748	6	7	33	47	48	57
222765	6	7	9	10	11	42	44	45	46	57
223000	33
223100	33
223360	9	10	11	16	37	41	57
223800	6	7	13	23	24	43	44	45	46	47	48	57
223900	9	11	16	17	33	39	42	44	58
224050	9	48	57
224100	29	31	32
224120	32	48
224230	6	9	11	12	21	29	33	42	56
224410	6	7	8	10	11	21	23	28	37	42	44	46	48
224500	7	9	13	33	57
224690	6	7	8	9	11	12	17	21	23	24	25	33	35	36	37	42	44	45	46	47	48	57
224750	7	9	12
224900	7	9	10	11	12
225060	7	8	9	10	11	12	47	48
225100	9
225200	9
225250	57
225280	9	12	47
225300	47	48
225320	15	24	35	42	46	48	55
225400	9	10	12	15	16	17	21	33	35	41	42	44	47	48	55	57
225410	6	7	9	11	12	21	28	35	42	46	47	48	57
225500	6	11	12	15	24	35	37	45	46	47	48	57
225750	6	9	29	32	57
225753	6	17	33	42	55	57
225790	7	9	42	55	57
226600	9	11	12	33	42	47	48
226650	11	12	47	48
226670	9	11	12	17	41	55
226700	11	12	47
226730	8	11	12	33	39	41	42
226750	12	57
226900	42	44	45	46	47	48
226980	6	8	9	10	11	23	29	30	39	42	44	45	46	47	48	57
227260	7	9	10	33
227500	10	38	42	55	57
227600	10	11	38	42	55	57
227646	6	8	9	15	35	39	47	57
227650	6	8	9	15	35	39	46	47	57
228000	9	19	29	32	42	57
228300	25	35	37	38
228520	6	7	8	9	10	11	13	15	23	24	28	43	44	45	46	47	48
228550	55
228600	7	11	33	42
228900	46	47	48
228930	45	46	47	48
229050	11	33	57	58
229070	25	37	38	42	55
229200	6	8	9	12	15	42	44	45
229300	9	15	44	48	57	58
229600	12	29	33	39	57
229700	15	17	29	57
230000	7	8	9	10	11	15	17	23	24	28	29	32	42	43	44	45	46	57	58
230200	9	57
230350	8	29	32	33	57
230400	9	29	33	36	56
230450	55	57	58
230500	7	9	11	13	15	24	28	29	32	39	44	46	57
230600	9	29	32	44	45	57
230650	9	29	32	44	45	55	57
230740	6	7	8	9	10	11	12	25	28	42
230800	9	10	16	21	29	32	42	44	46
230900	9	11	17	19	21	28	29	32	33	57
231000	9	29	32	57
231005	9	15	16	29	32	48	57
231050	7	8	9	10	11	15	16	20	24	29	42	43	45	46	47	48	57
231070	6	7	9	11	42	44	46	47	57
231095	42	46
231200	10	33	38
231300	9
231530	15	29	33	55	57
231550	6	9	14	33	55	57	58
231670	6	29	57
231690	16	33
232200	7	9	16	28	29	30	33	39	42	55
232220	7	9	11	16	28	29	30	33	39	42
232300	8	11	15	16	17	24	29	32	55	57	58
232400	7	9	10	11	15	29	55
232500	15	27	29	33	42	55	57	58
232600	39	55
232700	29
232800	29	48	55
233100	16	39
233400	8	9	11	36	38	44	48	55	57	58
233690	21	29	32	33	42	55
233700	21	29	32	33	42	55
233710	21	29	32	33	42	55
233910	9	11	33	57
234050	6	7	8	9	10	11	12	15	37	38	42	57
234200	7	9	33	41	48	55	57
234500	11	57	58
234580	8	9	12
234810	16	17	21
235200	15	21	27	29	32	35	38	42
235400	16	33	39	57
235510	7	8	9	10	11	12	15	21	24	33	37	39	40	42	43	44	45	47	48	55	57
235555	29	32	33
235700	32
235730	6	8	9	10	11	12	15	16	23	25	28	33	35	37	57
235800	57
236200	9	11	12	15	24	28	29	30	42	44	46	57
236250	6	55	57
236270	9	55	57
236600	57
236670	6	8	9	11	35	39	46	55	57
236680	7	8	9	10	11	13	15	19	20	21	26	28	32	33	35	38	39	43	46	47	48	57
236700	15	21	33	37	38	39	40	41	45	47	55
236730	7	33	35	39	40	41
236750	15	21	27	55
236792	8	9	57
237300	33	56
237310	17	33	57
237450	29
237500	29	31
238700	57
238970	29	33	57	58
239000	8	9	23	42	43	44	46	57
239200	17	29	32	33	42	57
239300	7	9	10	11	15	33	43	47	48	57
239500	39	57
239510	57
239850	6	7	9	10	11	13	15	16	23	24	28	42	43	44	45	46	48	55	57
240300	9	12	29	31	32	33	35	38
240500	6	8	9	20	21	29	32	33	57
240800	9	30	57
240900	7	25	28	57
241080	7	8	10	12	15	34	35	37	38	57
241200	6	7	8	9	33	39	42	55	57
241410	6	7	8	9	10	11	35	37	42	47	48	57
241500	9	12	17	24	33	39	42	43	44	46	57
241510	6	7	9	12	24	42	46	57
241530	6	24	39	42	43	46	55
241600	17	21	46
242100	9	11	47	48
242300	7	9	11	46	47	48
242500	8	9	10	11	46	47	48
280000	6	7	8	9	10	11	12	13	15	16	25	39	40	43	47	48	57
300000	7	9	10	11	15	18	21	33	35	37	57
300004	6	7	8	9	11	35	39	42	44	47	48	57
300048	7	8	9	16	28	33	39	57
300049	15	16	57
300009	39	42	46
300055	6	7	8	11	12	13	35	48	55	57
300066	8
300067	9	57
300068	25	35	37
300088	57
300100	8	9	33	35	41	57	58
300106	24	42	43	44	45	46	47	48
300114	7	9	44	55	57
300143	7	8	9	10	11	12	42	57
300166	6	7	8	9	10	11	12	15	16	33	35	37	38	39	43	44	46	47	48	57
300200	35	37
300257	9	15	48	55	57
300209	6	7	8	9	10	11	13	16	21	23	25	35	39	45	46	47	48	57
300210	57
300271	6	7	57
300215	6	7	8	9	10	11	33	35	57
300238	7	8	9	10	11	35	43	57
300243	6	7	8	9	10	11	23	33	41	46	47	48	55	57
300260	6	7	8	9	10	11	12	17	33	37	43	57
300263	7	9	10	11	35	44	47	48	57
300354	6	7	8	9	10	11	25	35	37	42	44	47	48	55	57
300367	10
300373	6	7	8	9	10	11	12	13	15	16	17	18	19	24	25	28	33	39	42	43	44	46	47	48	55	57
300376	15	55	57
300322	33	35	39	48	57
300323	39	48
300387	6	57
300352	6	7	8	9	33	46	47	48	57
300400	11	21	29	33	57
300472	6	7	8	9	11	13	24	44	57
300475	6	7	8	9	57
300476	9
300419	9	57
300423	57	58
300424	9
300486	6	7	8	9	10	11	35	37	57
300425	57
300489	48	57	58
300491	6	57
300434	6	9	10	11	33	44	47	48	57
300495	57
300436	8	57
300496	57
300438	8	9	15	57
300558	6	7	8	10	11	57
300510	38
300511	38
300577	6	7	9	10	11	12	46	47	48	55	57
300578	6	9	57
300523	6	7	8	9	23	33	42	44	48	57
300590	6	7	9	10	11	13	15	33	46	47	48	57
300534	6	7	8	9	11	12	23	35	37	47	48	55	57
300539	16	57
300554	39	42	46
300559	55
300555	9	28	39	57
300653	9	39	55	57
300661	8	39	42	57
300604	12	38	42
300607	57
300672	6	7	9	10	11	17	33	44	47	48	55	57
300614	8	58
300673	6	17	33	57
300615	57
300676	6	7	10	11	23	44	47	48	55	57
300623	7	8	9	33	35	38	41	55	57	58
300624	6	7	8	15	24	35	44	46	48	57
300633	35
300695	15	24	42	55	58
300696	13	15	17	19	24	42	44	55
300636	12
300699	6	7	9	55	57	58
300659	6	7	8	37	48	57
300755	8	9	18	21	29	33	37	46	55	57
300707	7	8	9	10	11	15	16	33	36	38	39	40	41	43	47	48
300717	17	42	55
300718	13	15	17	24	42	44	55
300749	6	7	8	9	10	11	44	55	57
300752	29	31
300758	35
300850	9	11	12	23	41	55	57
300863	6	7	8	9	10	24	43	44	45	46	47	48	57
300803	57
300804	6	7	8	9	10	11	33	39	47	57
300867	6	8	9	10	11	12	15	16	25	33	42	47	57
300868	6	7	8	9	10	11	12	13	15	29	35	39	41	42	43	57	58
300816	17	55	57	58
300872	57
300882	6	7	8	9	10	11	12	13	33	35	43	47	48	55	57
300884	6	7	8	9	10	29	42	47	48	57
300830	9	11	55	57
300831	6	7	8	9	10	11	12	42	44	46	47	48	55	57
300886	8	15	35	44	46	47	57
300887	6	7	8	9	10	13	15	16	23	25	26	39	40	47	48	57
300834	9
300888	35
300842	15	29	32	55	57	58
300894	9	57
300895	7	8	9	10	11	33	37	46	47	48	57
300844	6	7	10	11	12	44	47	48	55	57
300896	6	7	9	10	11	33	39	46	55	57
300802	57
300855	6	7	8	9	10	11	12	15	16	37	43	44	48	55	57
300857	33	57
300860	6	7	9	10	11	13	25	35	48	55	57
300849	57
300952	7	9	12	13	15	55	57
300905	8	48	58
300960	7	8	9	10	11	15	35	44	47	48	55	57
300963	6	7	9	11	13	15	16	35	43	44	47	48	55	57
300910	24	42	43	44	45	46	47
300911	57
300966	6	7	8	9	10	11	33	42	44	55	57
300912	6	7	9	10	33	41	55	57
300967	7	9	10	11	12	15	33	37	44	47	48	55	57
300968	6	7	8	9	10	12	15	16	17	25	33	39	42	44	45	47	48	55	57
300914	8
300915	6	8	9	12	43	44	57
300918	6	9	10	11	12	13
300919	6	7	47	55	57
300923	7	57
300928	7	8	9	57
300934	6	7	8	9	11	12	13	17	33	35	42	44	48	55	57
300946	7	8	9
300953	6	7	8	9	11	12	33	35	37	40	43	55	57
300957	6	35	55	57
300958	6	7	8	9	11	42	44	55	57
300990	7	8	9	11	12	13	15	39	42	48	55
300971	39
300991	6	8	17	21	27	37
300972	8	9	29	32	57
300978	6	7	9	10	33	37	57
300982	7	10	11	35	57
300983	57
300984	57
300985	37
300986	6	7	9	10	11	33	42	44	47	48	55	57
300987	6	7	8	9	10	11	12	35	48	55	57
300988	17	33	34
300989	6	7	9	11	15	16	43	44	46	47	48	57
301000	6	8	10	11	20	21	33	39	57
301040	6	7	8	9	10	11	12	15	28	33	35	37	39	44	45	47	48	57
301050	8	9	16	39
301200	12
301220	9	17	33	35	57
301310	57
301500	9	15	21	33	39	47	55	57	58
301830	7	11	17	23	35	37	42	43	47	55	57	58
301835	8	9	11	17	33	55	57	58
301900	6	7	8	9	25	35	37	43	44	47	48	57
302060	7	8	9	15	48	55	57
302350	7	8	9	10	12	47	57
302500	9	55	57
302800	8	9	46	48	55	57	58
302950	6	8	9	10	35	44	46	47	57
302960	7	8	9	10	13	20	24	39	44	45	46	47	48
303100	9
303110	8	9	57
303350	6	9	44	47	48	57
303600	6	7	8	9	10	11	12	15	23	24	33	35	38	42	43	44	45	46	47	48	57
303700	9
304100	6	7	33	55	57
304110	6	7	9	10	11	12	13	23	24	25	26	28	35	37	43	46	47	48	57
304120	6	7	8	9	10	11	17	23	24	33	35	37	39	42	43	44	45	46	47	48	57
304150	6	7	10	11	13	16	23	24	33	39	40	41	42	43	44	45	46	47	48
304340	7	9	10	11	42	44	55	57	58
304400	8
304500	8
304700	8	9	42	57
156240	21
156400	6	7	8	9	10	12	24	39	42	43	45	46	47
156500	42	44	45	46	47
156530	17	20	23	24	42	44	45	46	47	58
156550	7	8	9	10	11	13	20	28	44	45	46	47
156610	6	7	8	9	10	11	13	23	25	43	47	48	57
157170	6	7	9	10	11	12	57
157600	55	57
157640	8	9	33	35	38	48	55	57	58
157800	7	8	9	10	12	15	33	37	39	41	42	44	46	47	48
158300	6	7	9	11	33	43	45	46	47	48	55
158320	33
158330	7	38	39
158350	6	7	8	9	11	16	24	25	33	35	36	38	44	57
158580	19	48	58
158590	57
158600	48	55	57	58
158810	13	15	17	42	46	47	55
159000	48	55
159001	15	46	55
159550	9	57	58
159900	13	57
159950	7	11	17	33	44	55	57	58
160120	8	9	47	55	57	58
160150	7	9	42	55	57	58
160500	7	11	13	15	44	48	55
160565	9	17	42	55
160800	9	11	55
160900	9	15	31	33	37	38	55	57
160980	9	15
161000	12
161200	8	9	11	24	39	44	45	46	47	48	55	57
161400	57
161800	7	9	11	13	15	17	33	42	44	48	55	57	58
162000	39	46
162091	44	46	57
162100	7	8	9	10	11	13	58
162200	6	9	16	44	46	57
162210	9	57
162300	7	9	11	13	24	33	44	46	48	55	57
162350	57
162400	8	47	48	58
162500	58
163200	6	9	12	16	39	42	44	47	48	57
163800	15	16
163950	7	8	9	11	12	13	15	16	24	37	44	46	55	57
164200	6	8	9	10	11	12	15	33	41	43	44	45	46	47	48	55	57
164280	6	7	8	9	10	11	16	19	30	32	33	47	48	57
164300	7	9	13	33	55
164400	9	33	41	57	58
164500	9	57
165300	9	57
165500	9
165720	42	45
165800	42	44	46	47
166200	8	9	12	15	42	43	44	46
166210	9	10	15	21	24	42	43	44	45	46
166220	8	9	12	42	43	44	46
166250	7	8	9	10	11	12	13	17	18	24	35	37	43	44	46	47	48	57
166260	42	46
166300	7	9	39	42	47	48	55
166350	42	46	55
166600	7	9	42	43	44	45	58
166700	42
167030	39	41
167200	11
167210	9	11	12
167250	8	42
167320	7	24	42	44	45	55	57
167400	7	9	10	15	33	41	58
168000	8	15	16	19	57
168300	17	33	55
168500	11	43	57
168600	7	10	33	41	57
168601	7	33	41	57
168605	9	17	57
169100	7	8	9	10	11	12	16	43	47	48	57
169150	9
169400	6	7	15	47	57
169500	9	16	33	35	41	57
170100	7	9	10	11	29	32	57
170390	6	7	8	9	10	11	12	15	24	42	43	44	46	47	48	57
170400	55
170500	55
170650	11	12
171400	33
172700	57
173200	6	9
173600	21
173650	12	35	47	48
173900	15	16	29	33	39
174000	16	39
174050	16	17	29	33	39	44	57
174200	47	48
174300	7	9	11	15	33	39	44	47	48	57
174800	6	7	8	9	33	42
174810	8	12	42	46
175050	10	15	16	21	33	42	47	57
175100	9	12	25	33	43	46
175200	10	11	20	25	31	33	38	40	41	47
175700	6	7	9	10	28	35	42	43	47	48	57
175780	7	9	57
176000	15	16	21	33	41	57	58
176100	29
176200	15	33	57	58
176270	6	7	9	11	12	17	33	35	36	37	38	42	44	47	48	57
176450	33	38	39	40	41	44	57
176670	7	42
176860	16	21	57
176920	6	7	9	10	11	16	21	32	44	46	57
177000	29	31
177170	6	42	44	45	46	47	57
177650	9
177735	33	39
177850	9	11	15	16	24	33	43	44	57
177900	42
177980	6	7	8	9	11	23	24	35	36	48	57
178110	8	9	10	11	13	43	44	46	47
178500	16	20	21	29	47
178600	15	16	21
180000	9
180100	9
180104	9
180200	9	11
180500	7	9	10	11	12	28	33	35
180700	6	7	8	9	10	11	12	13	15	24	28	35	36	37	39	42	46	47	48	57
180800	44	48	58
180849	6	7	8	9	10	11	12	15	16	17	24	33	35	37	42	43	44	45	46	47	48	57
180860	6	7	9	11	15	40	42	43	46	47	48	57
180920	9	11	12	20	21
181000	9	11	17	21	29	32	33	42	57
181270	6	7	8	9	10	12	16	25	39	40	43	47	48
181350	13	15	24	44	46	48	55
181405	7	9	13	17	19	23	24	26	44	45	46	47	48	55	57	58
181450	9	12	15	19	24	25	28	33	35	38	46	47	48	57
181500	57
182290	6	7	8	10	15	39	44	47	57	58
182212	6	7	8	9	10	11	12	15	16	20	24	28	33	35	36	37	42	43	44	46	47	48	55	57
182230	9	47	57
182250	7	9	11	12	15	16	17	42	43	45	46	47	48	55
182410	16	57
182600	41	44	48	57	58
182601	9	41	44	57	58
182900	29	31	32
182920	13	17	33	55
182980	55	57
183086	9	57	58
183090	9	33	41	57	58
183600	47	48
183900	7	9	11	21	23	24	44	45	46	48	57
184250	9	11	23	24	28	35	44	45	46	47	48
184252	13	23	42	43	44	45	46	47	48
184460	9	11	13	44	47	48
184500	12
184840	7	8	9	10	11	42	44	46
184900	42	46	47	55	58
185000	29	32
185020	32
185070	9	10	16	32	55	57
185300	6	7	9	57
185800	8	47	48
186000	47	48
186200	47	48
186300	47	48
186500	7	8	9	10	11	24	44	46	47	48
186550	46	47
186570	46	47	48
186580	9	42	47	48
187300	9	10	11	15	16	17	21	29	33	47	57
187600	6	7	21	23	24	43	44	45	46	57
187601	6	7	21	23	24	43	44	45	46	47
187900	10	33
187950	16
188025	6	7	9	33	47	57
188050	16	21	57
188055	16
188400	7	8	9	10	11	15	16	28	31	35	44	57
188580	9	15	55	57	58
189500	11	12
190300	57
190320	6	7	12	42	43
190330	7	9
190350	7	8	9	10	11	12	17	23	24	42	44	45	47	48	57
190351	7	8	9	10	11	12	42	44	45	46	47	48
190440	6	8	9	28	33	35	43	44
191100	9	11	15	21	39	42	57
191830	7	8	21	39	40	41	47	48
191900	8	9	11	39	42	46	55
192315	9	16	29	39	57
192430	6	7	8	9	10	11	15	16	21	28	47	57
192500	15
192600	15
192950	48
193100	12	39	42	46	55
193220	9
193300	8	9	21	29	30	37	39	57	58
193400	10	38
193500	7	8	9	10	11	24	36	38	43	44	57
193510	8	9	10
193520	6	9	15	57
193530	8	9	11	12	43	47	48
193670	36	38
193700	6	7	9	10	11	13	35	44	45	46	47	48	57
194070	39
100100	9	11	15	16	24	33	37	39	40	41	45	48
100300	6	9	11	15	16	23	25	38	43	46	47	48	57
100800	6	7	8	10	20	42	43	44	45	46	47	57
101000	8	9	57	58
101200	6	7	8	9	10	11	12	15	16	20	33	37	38	39	43	44	46	47	48	57
101400	6	7	8	9	10	11	15	16	43	45	46	47	48
101600	6	7	9	10	11	12	20	43	46	47	48	57
101800	6	7	8	9	10	12	37	42	43	44	46	47	48	57
102200	7	15	16	25	47	48	57
102370	7	9	10	11	42	44	46	47	48
102500	6	7	8	9	10	11	12	13	15	16	33	35	37	39	42	43	44	46	47	48	57
102530	37
102700	18	20	21	23	29	32	33	39	44	45	46
103050	6	7	8	9	10	11	55	57
103285	9	12	25	47	48
103500	8	9
103580	7	9	10	12	13	42	47	48	57	58
103900	16	39
104200	8	16	39
104290	9	57
104300	57
104500	12
104530	12
105150	57
105210	9	15	33	35	41	55	57	58
105400	55	57
105550	9	55	57
105650	6	7	9	10	11	13	15	16	23	24	43	44	45	46	47	57
105830	6	7	9	11	12	33	44	57
106100	18	19	27	33	55	58
106190	12
106210	9	10	57
106260	6	7	8	9	10	11	12	15	16	25	35	38	48
106300	9	15	33	44	45	46
107250	9
107480	6	8	9	15	33	35	37	38	39	40	41	47	48	57
107600	6	43
107970	15
108120	24	44	45	46	47	48
108145	7	8	9	11	21	23	24	44	46	47	48	55	57
108300	7	8	9	10	11	15	24	42	44	46
108500	8	9	57
108600	6	9	33	48	57	58
108720	7	9	10	11	13	19	23	24	37	44	46	47	48	57
108721	7	10	11	13	43	44	45	46	47	48
108900	15	16
109150	9	33	41	55	57	58
109400	7	9	10	11	15	21	24	33	38	44	46	57
110100	6	8	9	10	11	36	38
112240	6	7	9	12	42	43	44	45	46	57
112250	9	42	46	55
112410	16	47	48	57
112500	47	48
112600	47	48
113000	47	48
113100	46	47	48
113500	9	13	23	44	45	47	57
113620	6	7	8	9	10	11	12	13	25	39	43	44	47	57
113650	7	8	9	11	13	39	40
113750	9
113900	15	17
114290	6	7	8	9	10	11	15	20	21	23	24	34	39	43	44	45	46	57
114300	7	9	11	13	23	37	44	45	46	47	48	55	57
114550	29
115150	6	7	8	9	10	11	12	15	23	32	33	39	42	47	48	57	58
115310	8	15	16	57
115700	9
115900	9
116200	9
116300	9
116400	9
116700	9
116800	9
116860	9	29	55	57
116920	11	12
117000	42	44	45	48	55	57
117210	8	9	57
117360	9	57
117550	6	7	8	9	11	12	15	16	42	46	47	48	57
117650	6	8	9	11	12	13	15	17	20	24	33	39	44	45	46	47	48	57
118100	7	8	11	13	24	44
118200	9	44	47	48	58
118210	48	58
118220	44	47	48	58
118300	8	47	48	58
118450	7	8	9	10	15	16	24	29	30	39	44	46	47	57	58
118400	7	9	12	43
118600	46
118700	57
118800	7	13	57
119300	11	12
119500	9	11	35	36	37	38	44	48
119600	6	7	8	9	10	11	12	20	23	24	42	43	44	45	47	58
119800	46	48
119900	47	48
120100	9	39	42	55	57
120330	8	9	39	40	42	57
120433	8	9	11	39	57
121050	6	7	8	9	11	13	15	16	24	42	44	45	46	47	48	55	57
121200	17	57
121201	57
121300	15	16	21	29	32	33	57	58
121850	9
122000	9
122100	9
122200	9
122400	9
122470	6	7	8	9	10	11	12	13	15	21	25	33	35	37	39	46	47	48	57
122600	13	24	44
122860	6	7	8	9	10	18	24	42	43	46	57
123000	6	7	8	9	10	12	18	43	46	57
123150	7	43	48
123400	7	57
123500	6	7	8	9	10	11	12	18	38	43	44	57
123700	7	15	21	35
123790	7	8	9	10	11	21	28	35	36	43	46	57
124000	8	9	29	33	39	55	57
124200	11	57
124480	8	12	47	48
124500	8	47
124900	8
125250	8	9	55	57	58
125310	9	16	41	57
125350	12
125370	57
125400	12
125420	12
125490	12
125500	11	12
125630	7	11	57
125800	33	39	41	57
126200	9	41	57	58
127000	6	7	9	12	35	42	43	57
127300	11	44	46	47
127550	11	12	21	29
127750	57
128100	7	9	13	44	57
128101	7	11	13	19	33	57
128200	7	57
128230	13	44	46	57
128235	7	13	57
129200	47	48
129400	7	8	9	10	11	12	35	36	47
129490	12
129500	9	47	48
129600	9
130000	7	8	9	11	15	28	33	42	46	48	57
130050	7	8	9	10	11	15	16	21	28	33	38	41	47	48
130060	7	42	44	45	57
130070	6	7	8	9	10	11	12	24	42	44	45	46	47	48	57
130080	7	11	12	16	33	44	46	47
130650	6	7	8	9	11	15	28	29	30	35	36	37	39	40	41	42	57
130720	6	7	8	9	10	11	12	13	15	16	23	28	35	42	43	44	55	57
130900	12
131100	33
131300	8	9	12	43	44	46	55	57
131760	11
131900	11
132400	42	44	45	46	47
132450	7	8	9	10	11	42	44	45	46	47
132900	15	16	57
133020	7	9	11	15	33	55	58
133100	15	16	17	32	57
133190	9	55	57	58
133540	6	7	8	9	10	12	15	16	29	32	35	37	39	42	43	44	45	46	47	55	57	58
133700	24	45	46	48	58
133701	24	45	46	58
133780	9	42
134610	21	33	39	42
135100	8	11	12	21	43	44	46	47	48	55	57
135150	7	21	33	39
135300	11
135400	7	9	10	11
135500	7	8	9	10	11	12	15	16	29	32	35	39	44	47	48	55	57
135700	6	9	55	57
135750	10	46	47	48
135900	7	8	9	10	11	12	17	33	47	48	57
136120	9
136140	7	8	9	10	11	13	15	16	28	33	35	37	39	41	42	46	47	57
136520	9
136550	9
136630	57
136680	35	37	38	39
136760	6	7	8	9	10	11	15	23	43	47	57
136800	9
136880	9
136900	9
137200	11	48	55	57	58
137215	11
137440	9	57	58
137550	7	9	10	11
137580	57
137750	9
137920	29	30	35	37	38	39	48
137940	7	9	10	11	21	35	39	55	57
139090	32
139210	6	7	8	9	10	11	13	15	16	19	21	24	37	38	42	43	44	45	46	47	48	55	57
140000	35	38	39	40	47	48
141200	39
141500	9	57
142623	33
142669	45
142680	9	22	27	29	42	55
142900	15	16	23	24	44	46
143095	7	8	9	11	12	13	15	16	23	25	42	44	45	46	47	48	57
143100	7	9	57
143200	9
143400	34	39	40	41
143860	33
143870	39
143880	33	39	55	57
143890	9	15
144750	7	8	11	12	24	42	43	44	45	46	47	48
145001	30	39	43
145410	6	7	8	9	10	11	15	16	20	21	28	31	33	35	36	37	39	40	43	57
145500	16
145600	15	16	55	57
145900	9	44	47	48	58
145980	30	39
146000	6	44	45	46	47	57
146110	22	35	37	38
146255	8	38	39
146300	12	42	46	48
146500	9	16	35	41	57
146510	8	9	10	11	12	15	16	19	21	24	33	35	37	39	44	45	46	47	48	57
147060	7	9	10	11	12	17	21	42	43	44
147250	6	9	11	12	18
147480	29
147750	8	9	33	38	44	46	47	55
147891	7	11	45	46	48
147920	6	7	8	9	10	11	15	16	21	33	35	37	39	40	44	45	46	47	57
147950	8	9	10	11	12	25	35	38	42	47	48	57
148050	6	7	8	9	10	12	24	37	42	44	47	57
148210	8	9	11	46	48
148300	9
148350	8
148500	11
148700	11
148820	7	8	9	10	46	47	48	57
149400	28	45	57
149700	6	9	10
149730	7	8	9	11	12	35	39	46	47	48
150230	6	8	9	10	20	24	40	44	46	47	57
150250	7	8	9	10	11	12	15	20	23	37	43	44	45	46	47	48	57
150400	9	12
150800	38
151050	6	7	8	9	10	11	12	24	33	35	37	42	43	46	47	57
151100	7	8	9	10	11	13	15	24	35	37	38	39	44	46	57
151660	7	16	29	30	36	55	58
152700	15	21	39	46	57
152950	6	7	8	9	10	11	55	57
153100	16	35	55
153400	9	11	15	16	44	55
153480	6	9	11	24	25	33	35	44	46	47	55	57
153640	8	9	39
153650	8	9	16	39
153670	10	11	12	32	38
153700	9
154020	39	55	57
154400	6	7	8	9	10	11	15	16	19	20	24	33	38	39	43	44	45	46	47	48	57
154500	7	8	9	11
154700	6	7	9	11	12	15	16	21	24	28	42	44	45	46	47	48	55
154780	7	8	9	10	11	12	43	44	45	46	47
155100	15	39
155310	30	33	37	38	39	40	41
156200	6	7	8	9	10	11	12	33	47	48	55	57
304790	33
304800	33	39	41	57
305000	6	9	11	12	21	29	33	35	37	39	41	42	57
305100	6	7	9	10	11	12	17	18	19	25
305390	9
242840	6	7	8	9	11	15	20	35	55	57
242860	6	7	8	10	11	20	21	33	57
305400	7	8	9	10	11	12	13	24	28	35	37	44	47	48	57
305450	6	7	8	9	10	11	12	13	18	28	33	35	37	43	44	46	47	48	57
305600	6	7	8	9	10	11	12	19	24	25	26	28	33	35	36	37	39	40	42	43	44	45	46	47	48	57
305620	7	8	9	10	11	12	15	20	21	24	39	40	43	44	45	46	47	48	55	57
306000	29	57
306400	21	29	32	33	42	55
306700	46
306955	9	15	16	17	21	27	32	33	38	39	44
307000	6	47	57
307030	7	8	9	11	37	42	55	57
307200	6	8	9	21	29	33	37	39	46	55	57
307800	6	8	12	39	42	43	44	45	46	48
308050	8	11	15	21	24	28	38	39	43	44	45	46	57
308100	9	37
308205	6	8	9	11	23	24	28	33	37	39	44	45	47	57
308230	11	29	32	33
308240	18	21	29	32	57
308300	6	9	12	24	25	44	57
308350	6	17	33	57
308700	7	35	37
308800	7	9
308940	8	9	17	33	36	39
308990	39
309000	9	12	33	37	39	42	44	45	46	47	57
309120	37
309300	9
309350	6	7	8	9	11	12	13	15	17	21	23	24	28	39	40	43	44	45	46	47	48	57
309400	6	7	16	42	43	46	57
309580	6	7	8	9	10	11	12	13	33	35	37	39	41	42	44	46	47	48	57
309583	7	8	9	11	12	13	23	24	37	42	44	47	48	55	57
309500	6	7	8	9	10	11	15	18	23	33	35	39	44	47	48	55	57
309510	7	42	57
309520	6	7	8	10	11	12	15	16	23	37	42	43	47	57
309530	6	9	55	57
309541	6	57
309548	7	8	9	10	57
309549	8	9	11	57
309630	47	48
309800	8	9	11	12	20	21	23	24	33	35	37	39	40	44	46	47	48	57
309801	6	8	9	15	16	26	33	35	36	38	57
309900	6	7	8	9	10	11	12	13	15	20	28	29	32	33	42	44	46	47	48	57
310200	9	15	21	44	46	55	57	58
310300	13	15	23	46	48	55	57
310400	6	7	9	11	13	17	26	29	33	37	42	46	47	48	55	57
310440	9	15	17	42	44	55	57
310468	39
310490	8	55	57	58
310500	9
310600	8	9	57
310700	6	9
311070	8	9	48	58
311200	6	7	8	9	10	11	12	15	29	30	38	39	47	48	57
311250	33	57
311360	38
311510	6	7	57
311900	8	9	10	11	15	20	24	33	39	43	46	47	48	57
312080	6	8	9	19	57
312170	6	7	9	10	57
312300	23	35	37
312600	9
312700	9
312750	6	12	15	17	33	44	48	55	57
312863	6	8	20	21
312870	6	7	8	9	10	11	12	15	16	21	24	25	26	28	29	30	32	33	35	37	39	42	44	45	47	48	57
312920	9	46	48	55	57
313200	7	11	25	33	35	55	57	58
313400	9	13	23	42	44	45	46
313500	12
313900	10	46	55
314050	10	32
314250	9	57
314580	6	7	8	9	10	11	13	17	33	42	44	45	47	48	55	57	58
500001	9	44	55	57
500002	7	9	55	57
500003	9	55	57
500007	6	8	9	15	33	55	57
500009	7	11	13	17	29	33	55	58
520000	8	9	15	57
530000	6	8	9	15	39	55	57
535000	9	15	55	57	58
540000	8	9	15	16	33	55	57
551000	15
551500	9	55	57	58
580000	8
600001	6	15	16	24	26	29	30	33	35	40	57
600002	46
600060	8	57
600072	9	17	33	41	57
600081	6	24	42	43	46	55
600059	9
600142	9	16	41	44	57
600101	8
600143	9	57
600110	9
600116	57
600118	6	7	8	9	35	37	42	44	46	47	48	57
600121	46
600175	42	44	45	46	48	55	58
600138	9
600145	33	41	44	57
600151	9	15	35	39	47	48	57
600251	7	9	11	47	48
600204	46	47
600208	8	9	39
600224	7	9	57	58
600274	57
600348	6	57
600363	41	48	57
600373	6	7	8	9	10	11	12	15	19	28	31	33	37	40	42	44	45	46	47	48	57
600376	9	10	11	15	16	17	21	29	33	57
600462	6	7	9	11	55	57
607155	11	15	21	44	48	55
607259	9	33	41	44	48	57
607208	6	9	57
607278	23	46
607225	7	9	33	41	44	48	55	57
607236	9	57
607271	20	21	32	33
607371	6	8	9	11	24	33	44	45	57
607313	9	44
607323	7	8	9	15	18	33	39	44	46	47	48	55
607326	6	23	24	43	44	45	46	47
607330	6	7	8	9	10	11	29	31	39	42	44	47	48	57
607341	57
607346	9	33	57	58
607361	11	29	39	47	48	57
607364	9	16	39	55
607459	8	9	15	33	55	57	58
607475	9
607417	57
607483	7	9	33	57
607485	57
607487	15
607426	8	9	15	29	39	55	57
607432	6	57
607450	15
607453	8
607454	9	57
607594	6	8	9	20	21	29	32	33
607595	9	57
607596	17	42	48	55	57
607598	7	9	15	17	39	41	42	57
607539	47	48
607541	9
607554	15
607616	9	21	29	32	57
607677	48	58
607678	58
607624	57
607681	57
607625	9	21	29	32	33	57
607682	57
607626	12	29
607684	7	9	11	42	44	47	48	55	57	58
607628	57
607685	15	16	21	29	32	55	57	58
607631	57
607634	8	42	43	44	45	57
607636	43	46
607694	9	11	12	33	41	57	58
607641	19	57
607706	42	44	47	48	58
607778	6	23	24	44	45	46	47	48
607721	6	7	8	9	13	15	24	33	42	57
607791	58
607734	48	58
607736	8	9	17	33	48	58
607745	17	57
607765	28	32	33
607855	9	17	33	44	46	55	57
607801	55
607812	6	7	9	10	11	12	33	37	42	43	44	45	48
607876	9	56
607821	8	9
607822	33	57
607823	9	35
607829	15
607831	44	47	48	58
607842	8	10
607850	47
607906	9	29	57
607932	6	7	8	9	11	35	36	37	38	39	43	44	47	48	57
607941	15
607944	8	10	17	21	42	44	46	57
608013	6	7	8	9	10	11	15	17	21	29	32	33	42	57
608022	6	7	8	9	10	11	13	17	20	21	23	24	28	29	35	39	44	45	47	48	57
608091	6	7	8	9	10	11	17	33	35	39	47	48	57
608027	6	7	8	9	10	11	57
608093	6	7	9	17	25	37	42	47	55	57
608097	6	9	55	57
608033	17	57
608099	15	42	44	55	57
608051	9
608106	17	37
608115	27	33	38
608180	47	48
608189	27	30
608133	9
608161	9
608224	8
608233	6	7	8	9	10	11	12	21	29	32	45	57
608236	58
608265	8
608358	15	21	55
608320	15	16
608323	48	58
608389	8	9	13	39
608328	6	7	9	10	11	12	15	24	42	43	44	46	47	48	57
608390	17	19	55
608393	6	57
608340	44	47	48	58
608354	16
608361	42	44	45	46
608456	33
608471	9
608423	17	42	44	55	57
608443	7	57
608572	7	8	9	10	11	15	33	39	48
608594	7	8	15	28	29	30	32	33	34	36	38	39	42	47	48	55
608540	6	7	9	10	11	15	29	32	35	42	57
608553	9
600513	57
600652	8
600666	16	29	39
600638	6	7	9	47	55	57	58
600649	15	17	29	33	57
600775	6	7	9	10	12	43	47	57
600721	6	7	15	17	33	55	57
600791	8
600794	48	58
600795	41	57
600740	39	42	55	57
600802	20	21	33	57
600803	29	30	31
600882	48	58
600886	9
600858	15	55
600901	6	8	9	15	37	39	46	47	57
600965	8
600969	45	46	47	55
600919	15
600971	8
600920	7	8	9	10	11	12	18	19	24	42	43	46	47	48	57
600972	6	21	23	24	28	43	44	45	46
600987	7	8	9	11	15	16	47	48	57
600955	33
600994	8
600995	39	55
601001	11
601005	7	10	11	12	15	16	20	21	47	48	55	57
601067	8	9
601071	8	57
601042	9	57	58
601088	6	7	8	9	10	11	12	15	25	43	45	46	47	57
601098	48	58
601104	9	33	57
601152	8	9	10	19	44	48	58
601154	15
601110	6	8	9	10	11	33	42	46	47	48	57
601162	9	33	41	42	43	45	47	48	55	57	58
601144	15
601186	7	8	9	10	15	16	21	26	32	35	37	38	39	57
601198	19	39	42	44	55	57
601200	21	39
601214	15
601216	7	12	15	42	44
601277	9
601287	15	55
601317	8	57
601321	6	7	8	9	10	13	15	23	37	44	46	57
601358	6	7	9	10	11	12	37	44	47	48	57
601331	16	39	41
601369	8
601338	8	9	48	55	57	58
601382	7	44	48	58
601386	8	9
601390	6	7	8	9	10	11	12	17	20	23	24	33	35	39	42	43	44	46	47	48	55	57
601399	10
601455	8	47	48	58
601457	6	8	9	10	21	33	46	57
601462	9	11	17	33	55
601419	15	17	33	55
601472	44	48	58
601493	15
601494	15
601495	6	8	9	17	20	21	33
601559	7	8	9	10	11	12	13	16	17	21	24	33	42	44	45	46	47	48	55	57	58
601583	39
601539	7	8	9	10	29	55	57
601596	7	8	9	11	44	48	57	58
601543	8
601547	9
601552	7	9	10	12
601553	9
601675	6	7	8	9	10	11	12	33	57
601678	33	39	42	55	57
601680	7	8	9	10	11	13	42	44	46	47	48
601631	9	57
601650	8	19	57
605751	57
605809	9	17	33	55
605814	29
605820	55	57
605822	6	8	9	13	15	23	37	40	42	43	44	46	47	48	55	57
605899	57
605850	55
605909	41	57
605911	29	33
606002	9	33	44	48	55	57	58
606003	7	8	9	10	11	13	15	16	20	29	32	33	35	36	43	55
606071	8	9	17	19	41	44	48	55	58
606072	55
606054	15	17	29	30	33	42	57
606056	6	7	8	9	10	11	17	29	33	42	44	47	57
606069	9	15	29	35	42
606070	7	9	17	18	19	33	55	57	58
606176	6	7	8	9	10	11	30	42	47	55	57	58
606164	7	8	9	11	13	17	26	33	47	57
606170	6	7	8	9	10	12	15	19	21	33	34	35	36	37	39	45	46	47	48	57
606159	7	9	11	17	19	33	47	57
606217	15	16
606232	6	7	8	9	10	33	47	55	57	58
606324	9	57
606346	8
606353	7	9	11	33	57	58
606367	17	21	29	32	33
606407	6	7	8	9	10	11	33	39	41	55	57
606408	15	33	36	38	39	41	46	55
606482	48	58
606438	57
606595	47	48	58
606545	9	11
606612	6	7	33	44	48	55	57
606688	57
606693	7	9	10	13	57	58
606658	9	57
606664	29
606703	7	15	55	57
606705	8
606768	55
606713	11	12
606777	6	9	57
606721	7	9	16	55	57
606798	9	57
606744	6	9	10	11	12	15	35	39	43	46	47	57
606762	57
606763	8	10	15	17	21	27	34
606764	33	47
606766	37
606812	6	7	9	10	11	29	55	57
606824	27	33
606889	57
606893	7	9	11	12	16	24	33	43	44	57
606835	47	48
606854	9	55	57
606996	9	39
606943	8	9
606966	39
607060	10	57
607078	42	45	46	47	48
607014	6	7	8	9	10	11	12	13	15	16	17	18	19	20	24	28	29	32	35	42	43	44	45	46	47	57
607015	7	9	10	11	15	16	17	18	20	28	29	32	42	44	46	57
607016	7	9	10	13	15	17	20	42	44	46	47	48	57
607084	8
607091	55	57
607095	9	12	13	43	44	45	46	47	48	57
607039	8
607101	8
607115	6	8	9	42
607131	6	7	8	9	13	24	35	36	46	47	55	57
607196	6	7	29	42	43	57
607136	9	41	57
601718	9
601780	9	57
601812	7	8	9	10	11	12	42	43	44	46	47	48	55
601859	29	32
601813	9	42
601815	6	9	37	47	57
601868	8
601869	8
601820	30
601884	42	44
601885	9
601887	15	55	57
601894	16	39
601847	29	32	33
601954	15	55
602014	55	57
602078	9
602079	15	16	21
602080	6	8	12	42	43	46	47
602081	7	57
602083	8	9	57
602032	9	57
602088	16	21	27	39
602093	9
602099	7	11	17	55	57	58
602066	57
602111	24	42	44	45	46
602271	9	21	23	24	42	44	45
602361	7	9	11	24	27	32	35	42	43	46	47	57
602390	15	29	32	35	36	37	38	42	55
602398	6	7	8	9	10	11	15	35	36	42	46	47	57
602342	6	7	8	9	10	11	12	13	23	33	35	44	46	47	48	57	58
602347	29	32	33
602400	9	12
602459	8
602471	7	8	9	11	24	33	35	37	42	43	45	46	48
602473	9	16	33	57
602481	9	57
602482	7	8	9	10	12	15	16	57
602483	6	7	8	11	12	17	43
602485	57
602433	48	57	58
602450	8	11	18	20	21	33	35	36
602501	6	7	8	9	10	11	15	42	47	48	55	57
602579	29	33	57
602522	8	39	55	57
602588	7	8	13
602531	15	42	46	47	48	57
602535	7	8	9	10	11	12	15	16	18	19	20	21	24	42	43	44	46	57
602540	8	9	48
602541	6	7	15	55	57
602629	6	7	11	13	19	46	57
602668	9	15	37	55	57
602782	7	8	9	10	11	13	15	28	29	30	32	42	46	47	48	55
602723	42
602771	6	7	11	13	17	23	42	44	55	57
602849	6	7	8	9	11	43	47	48	57
602875	7	10	24	42	44	46	47	48
603075	9
603034	9	17	33	44	55	58
603041	8	9	33	55	57	58
603194	9	11	29	35	39	46	47	48	57
603147	9	57
603278	16	39
603284	57
603218	57
603233	42
603387	6	7	9	10	11	15	39	44	46	47	55	57
603457	7	9	10	11	25	34	35	36	37	38	57
603471	29	30	57
603554	21	29	32	33
603511	7	17	33	42	55
603513	6	44	46	57
603516	9	33	41	57	58
603592	39	55
603543	9	11	12	25	47	48
603546	7	42	44	45	46	47	57
603552	29	32	57
603563	41	48	55	57	58
603553	6	29	32	55	57
603622	8
603629	8
603671	6	9	10	11	20	37	43	46	47	48	57
603720	8
603896	6	9	38	57
603830	15
603903	16	21	27	32	35	39	46	57
603909	29	32	39
604004	6	57
604093	9
604173	7	8	9	21	32	47
604187	41	44	48	55	57	58
604121	8	9	55	57	58
604168	7	9	12	37	38	44	46	47	48	55	57	58
604169	15	16
604273	6	7	8	10	15	29	35	55	57
604278	9	39	57
604213	6	8	57
604218	9	57	58
604219	9
604286	15	24	55
604290	9	57
604292	7	8	9	10	11	12	18	25	35	37	38	39	40	41	47	48	57
604233	57
604250	15	29	35	37	38	42
604307	9
604369	9	43	57
604377	9	15	17	33	55	57
604317	6	7	57
604379	9
604320	17	20	26	47	48	57	58
604321	6	57
604387	29	34	39
604326	7	9	57	58
604391	9	55	57	58
604393	9
604352	57
604360	9	41	48	55	57	58
604364	57
604367	16	29	38	55
604400	15
604403	57
604484	55	57	58
604416	33	42
604498	57
604432	9	57
604454	55
604563	8	9	44	47	48	58
604559	15
604571	8	9	10	20	21
604625	12
604777	16
604717	8
604757	6	7	9	11	12	43	47	48	57
604772	15	57
604804	6	8	9	12	57
604805	41	48	57	58
604841	7	8	9	10	11	42	46	47
604864	42	44	47
604928	8	9	33	39
604931	35	38
605013	6	7	8	9	10	42	43	48	55	57
605021	57
605039	6	7	8	9	10	11	15	25	30	33	40	42	43	46	47	48	57	58
605192	8	39	40
605130	7	8	9	10	11	33	42	47	48	55	57
605259	8	9	41	57
605280	41	57
605282	8	9	11	12	47	48
605285	44	47	48	55	58
605289	47	48
605231	9	35	39	47	48	57
605249	8	9	39
605253	17	42	58
605258	17	33
605361	7	9	57	58
605376	15	21	27	29	32	33
605309	6	7	10	57
605387	9
605355	23	24	42	45	55	57
605373	8	15	16	19	57
605472	8	9
605407	7	9	57
605479	29
605432	8	45	46	47
605583	8
605588	44	48	58
605589	58
605594	8	12
605543	16	57
605676	15
605637	7	9	11	13	24	42	44	55	57
605670	9
605711	16	17	33	55	57
605714	16	57
605724	6	7	15	33	47
605726	47	48	55	57
601707	6	7	9	33	43	46	47	48	57
601776	6	7	8	9	10	11	15	16	21	24	26	28	33	37	39	41	42	44	46	47	48	55	57
616056	57
616007	7	8	9	10	11	42	44	45	57	58
616059	57
616067	35	36	37	38	47	57
616069	9	15	16	20	21	33	39
616022	8	17
616025	10	11	57
616026	29	39	42
616078	6	7	8	9	10	11	12	57
616028	6	13	15	16	28	32	33	43	47	48	57
616079	9
616029	8	11	12	20	33
616080	6	7	57
616030	10	25	34	35	37	38	57
616081	8	9	17	33	42	55	57
616032	39
616083	7	9	11	57
616033	6	7	10	13	25	30	38	42	43	44	46	55	57
616084	8	9	15	39	57
616034	6	9	55	57
616037	8	10	15	17	20	27
616038	6	7	8	9	10	11	13	44	46	47	48	55	57
616039	8	47	48	55	58
616040	8	45	55	58
616094	55	57	58
616095	33	57
616042	8
616098	8	11	17	33	57
616050	32	33	42	55
616099	6	9
616051	6	7	8	9	10	15	24	46	47	48	57
616052	17	24	55
616053	9	57	58
616100	17	21	29	32	33	42	57
616151	9
616152	9
616108	7	8	9	10	12	57
616165	7	9	17	33	42	55
616166	11	15	16	23	47
616111	33	55	57
616113	6	8	35	57	58
616170	9
616171	6	7	9	10	57
616115	42
616172	57
616116	55	57
616117	15
616118	9
616176	10	38
616126	7
616185	25	38	42
616127	55	57	58
616187	57
616188	9
616192	8	57	58
616193	55	57
616138	8	9	11	38	48	57	58
616139	9	55	57
616140	6	9	55	57
616198	9	15	33	55	57
616199	55
616145	7	8	11	13	15	24	28	35	37	46	47	48	57
616154	6	7	8	9	10	11	55	57
616155	11	44	48	55	58
616158	7	9	11	17	33	55	57
616295	11
616200	6	7	9	10	11	23	24	29	42	44	46	47	48	55
616201	15	33
616202	6	8	9	12	13	19	44	46	47	57
616204	9	42	55	57
616255	42
616208	57
616258	6	7	8	10	11	38	39	40	42	48	57
616209	7	13	17	55
616260	6	8	9	10	11	12	16	17	33	42	43	44	46	57
616211	6	9	55	57
616212	6	7	57
616263	6	7	8	9	11	29	30	33	35	45	47	48	55	57	58
616266	7	10	11	13	17	28	33	42	44	45	46	47	48	55	57
616216	10
616267	9	55	57	58
616217	29	32	39
616268	6	7	8	9	10	11	12	15	16	17	33	43	55	57
616219	9
616269	7	8	9	47	57
616220	39
616270	12
616221	12
616271	6	7	9	33	55	57
616276	15	16	17	33	44	55	57	58
616277	8	9	15	17	55	57
616278	29	32
616228	11	24	42	44	48	55	57
616279	9
616229	24	43	46
616280	55	58
616230	57
616281	6	11	55	57
616231	55
616282	41	48	57
616286	7	17	33	42	46	47	48	58
616287	7	17	33	42	46	58
616239	6	7	9	29	33	39	55	57
616289	9
616247	15
616291	8	9	57	58
616248	6	17	33	43	46	47	48
616249	15
616294	6	7	8	9	10	11	23	24	42	43	44	45	46	57
616298	9	15	16	47	48	55
616299	15	16	29	57
616300	6	7	8	9	10	11	12	16	21	23	24	28	35	37	39	43	45	46	47	48	57
616345	17
616346	9	55	57
616304	9	17	33	55	58
616325	7	9	13	17	55
616307	9	29	30	39	57
616357	8
616362	6	7	9	11	55	57
616313	7	9	11	42	55	57
616314	17	33	55
616364	6	7	8	9	10	11	13	15	33	42	47	55	57
616366	57
616367	6	7	8	9	10	11	12	15	18	40	43
616322	7	9	11	13	17	33	47	55	57
616368	7	8	9	10	11	15	16	19	20	21	33	37	39	40	44	47	57
616321	9	17	33	55	57
616323	7	9	11	17	33	55	57
616370	9	55	57
616324	7	9	13	17	33	55	57
616371	21
616326	7	11	17	33	42	55	57
616373	21
616389	9
616330	9	13	17	42	55	57	58
616331	6	7	8	9	10	11	12	23	28	35	37	42	43	46	47	48
616390	9	12
616335	6	7	9	57
616393	6	8	9	10	11	55	57
616394	9	29	30	44	47	57
616339	6	9	11	33	45	48	55	57	58
616340	8
616398	6	7	9	13	57
616341	9	17	33	57
616399	15
616342	6	7	11	13	17	42	47	55	57	58
616351	6	7	8	9	10	11	12	48	57
616353	6	11	12	57
616354	6	7	8	9	10	11	12	44	47	48	55	57	58
616355	6	7	9	11	57
616445	11
616402	6	57
616457	33	39	57
616455	6	7	8	9	10	11	13	44	46	47	48	57
616462	6	7	8	9	10	11	16	43	45	46	47	48
616409	6	55	57
616459	6	7	8	9	10	11	15	42	47	48	55	57
616410	57
616460	6	8	57
616411	11	19	57
616461	57
616413	57
616414	17	21	39	42
616415	33
616468	9
616418	6	39	57
616469	9
616420	6	7	8	9	10	11	47	48	55	57
616421	9	44	57
616479	9	15	17	33	55	57	58
616425	25	35	36	37	38	42
616428	9
616481	8	17	18	21	35	38
616436	57
616482	6	7	8	9	10	15	16	17	23	33	43	44	45	46	57
616430	6	7	8	9	10	23	33	55	57
616483	29	33	57
616486	6	9	48	55	57
616435	46	47
616488	7	9	11	47	48	58
616491	57	58
616489	6	7	8	15	33	35	37	42	43	46	47	48	57
616437	7	17	33	42	55	57
616490	9	17	47	57
616494	6	9	12	57
616439	17	33	55	57
616449	6	7	9	11	15	35	39	44	55	57
616451	9	55	57	58
616452	32
616544	9
616501	7	15	55
616500	15
616546	8	9	10	11	12	13	15	21	24	26	35	43	45	46	47	48	57
616502	9
616559	9	13	15	35	57
616562	9
616564	9	13	15	23	35	57
616505	6	8	9	10	11	25	42	47	48	55	57	58
616566	43	44	57
616507	9	42	44	46	47	55	57
616570	6	7	8	9	11	42	47	48	55	57
616509	9
616576	17
616515	8
616577	6	8	9	33	44	55	57
616516	13	15	44	46	48	55	58
616517	9
616579	6	7	8	9	11	17	33	42	55	57
616580	6	7	8	9	10	11	12	13	15	23	25	33	35	43	44	45	47	48	55	57
616521	57
616583	11	13	42	44	45	46	47
616586	6	7	9	41	55	57	58
616589	6	15	16	29	32	33	39	43	47	48
616531	6	7	42	45	46	47	48	57
616592	7	9	10	11	42	43	44	46	47	48	55	57
616532	57
616549	6	7	8	9	10	11	12	13	43	44	45	47	55	57
616539	7	9	11	12	15	17	29	30	33	39	55	57	58
616540	11	44	47	55	57
616538	6	9	17	55	57
616503	7	8	9	10	11	21	26	44	46	47	48	55
616541	6	7	8	9	10	12	15	25	35	37	39	43	46	47	48	55	57	58
616553	6	11	12	33	57
616603	6	7	8	9	15	28	33	39	42	43	44	45	46	47	48	57
616651	6	7	8	9	10	11	15	21	29	32	42	44	45	47	48	57
616602	6	7	8	9	43	44	57
616668	41	42	44	47	48	55	57	58
616669	57
616617	8	9	12	47	48
616672	6	8	9	29	33	55	57	58
616697	8
616622	11
616625	48	55	58
616680	8	9	55	57	58
616681	6	7	9	11	35	46	47	57
616682	6	7	9	15	33	37	39	42	44	48	55	57
616629	9	29	35	39	46	47	57
616683	6	8	9	11	33	55	57
616684	8	9	44	55	57	58
616632	6	9	55	57
616685	57
616687	48	55	58
616636	55	57
616688	8	13	41	44	47	48	55	57	58
616638	6	7	9	10	11	15	39	46	47	48	57
616689	29	31	32
616640	41	55	57
616645	6	57
616654	9	47	48	55	57
616647	6	9	15	33	55	57
616657	6	55	57
616649	29	32
616744	9	11	33	35	36	38	42
616705	8
616756	6	8	9	35	44	45	48	55	57
616708	6	7	8	9	10	11	13	33	55	57
616707	8
616760	9
616763	6	9	55	57
616716	6	9	15	20	44	46	47	48	55	57	58
616719	9	29	32	48	55	57	58
616720	6	7	8	9	11	13	17	23	33	42	44	48	55	57
616721	8	9	42	43	55	57
616777	6	7	8	10	15	16	21	26	35	36	37	39	43	48	57
616722	9
616723	6	7	8	9	10	11	13	42	43	44	45	46	47	48	55	57
616779	57
616780	38
616724	12
616781	9	17	55	57
616736	11	57
616784	6	9	10	11	17	35	55	57
616726	8	17	21
616728	6	7	8	9	10	11	12	25	37	43	47	48	57
616730	39
616788	7	8	9	10	11	12	28	37
616789	6	7	8	9	10	11	13	15	35	47	48	55	57
616732	9	57
616733	8	9	15	16	21	33	39	42	55	57	58
616734	6	7	8	9	10	11	12	13	23	25	35	37	40	42	43	47	48	57
616794	15	16	17	55	56
616738	8	46	47
616795	9	33	41	57	58
616739	6	57
616749	15	16	21	27	29	32	33
616801	6	7	8	9	10	11	13	33	44	45	47	55	57
616858	6	11	16	25	33	38	43
616859	9	57
616809	6	7	8	9	10	11	13	33	39	42	45	46	47	55	57
616860	29	32
616811	6	9	33	55	57	58
616814	38
616866	7	9	11	15	16	17	21	33	42	46	55	57	58
616867	15	16	17	21	33	42	46	55	57	58
616816	7	9	11	15	17	33	35	55	57
616817	6	7	8	9	11	12	23	24	30	37	39	42	43	44	48	57
616868	28	33
616818	16	39
616892	39
616819	6	7	8	9	10	11	55	57
616827	11	15	48	55
616828	7	9	29	32	55	57
616829	29	55	57
616831	6	7	8	9	10	38	47	57
616833	8	15	39	42
616834	6	9	38	42	46	57
616839	55
616871	17	42
616873	17
616887	57
616878	6	7	8	9	11	15	25	43	55	57
616894	6	7	8	9	10	11	12	13	15	16	33	37	43	44	46	47	48
616897	6	7	8	9	10	11	13	15	21	23	24	28	35	39	42	43	44	46	47	57
616840	41	57
616843	7	8	9	13	15	16	17	24	26	28	32	33	35	36	44	55	57
616852	7	9	13	24	44	47	48	55	57	58
616854	6	7	8	9	10	11	12	13	15	33	39	40	41	43	44	45	46	57
616881	6	9	15	33	42	55	57
616849	47	48
616803	7	8	9	10	11	12	44	47	48	55	57
616851	9
616875	6	7	9	11	44	55	57	58
616890	8	47	48
616944	7	57
616900	6	7	9	10	11	17	33	55	57	58
616946	38
616901	6	7	8	9	10	12	15	39	43	57
616947	25	38
616948	9	57
616958	8
616907	9	41	48	57	58
616959	9
616963	39	55
616911	9	10	57
616913	10	11	38
616914	6	7	9	10	11	15	16	23	43	46	47	48	55	57
616968	8
616969	8
616917	55	57	58
616920	6	8	9	10	11	15	43	55	57
616973	9	11	39	55	57
616921	11	33	57
616974	8	15	29	33	55
616922	57
616975	7	8	9	10	15	33	35	37	39	41	55	57
616924	48	55	57	58
616977	6	7	9	10	11	33	47	55	57
616981	9	55	57
616937	7	9	10	12	42
616938	6	7	8	9	10	11	15	33	47	48	57
616939	6	11	57
616943	6	8	9	42	43	45	48	57
616949	7	57
616950	37
616954	6	8	9	15	23	44	55	57
617049	29
617050	6	7	8	9	17	21	29	32	33	45	55	57
617004	29
617051	6	7	9	55	57
617006	33	39
617008	6	9	33	57
617011	6	7	8	9	10	11	13	42	44	46	47	48	55	57
617061	6	7	8	9	10	11	12	33	44	47	48	57
617062	6	7	8	9	10	11	33	42	44	47	55	57
617013	6	11	42	44	55	57
617063	6	8	9	10	11	15	21	25	33	35	36	37	40	43	44	46	47	48	57
617065	9	55	57
617017	55	57	58
617066	11	13	17	33	42	44	55	57
617018	9	48	55	57	58
617068	29	32	33
617087	8	9	17	44	48	55	57	58
617020	9	55	57
617069	7	9	24	33	55
617021	15	16	17	21	29	55	57
617070	8	9	33	55	57	58
617022	7	11	13	15	21	24	26	32	44	46	47	48	55
617023	9
617024	9
617072	15	17	42	44	46	47	55
617026	6	9	55	57
617073	9	12
617027	16
617075	10
617028	57
617088	7	8	9	10	11	15	19	21	24	29	32	42	46	47	48
617030	7	55	58
617090	6	7	8	9	10	11	39	55	57
617080	57
617035	16
617082	6	8	9	44	55	57
617039	16
617041	8	9
617086	6	9	33	55	57	58
617044	9	15	16	57
617091	17
617046	55	57
617092	8	10	17	18	21	27
617047	15	16	21
617052	6	9	12
617093	6	8	29	55	57
617053	13	16	21	32	33	34	35	37	38	39	44	47	48	57
617054	7	11	33	55	57
617056	39	46	57
617099	33	42	55
617146	6	7	10	11	17	42	44	45	47	48	55	57	58
617100	33
617101	6	7	8	9	10	11	42	57
617102	6	7	8	9	10	11	12	21	24	43	45	46	47	48	57
617158	7	24	55	58
617159	6	7	8	9	11	15	24	33	35	39	41	42	43	44	45	46	47	48	55	57
617105	6	42	44	55	57
617106	9	42	55	57
617162	6	7	9	33	48	55	57
617107	6	7	8	9	11	15	16	39	40	46	47	48	57
617108	33
617164	6	7	9	11	15	17	18	33	35	42	43	45	46	47	48	55	57
617166	6	9	33	55	57
617111	9
617168	9	11	12	15	16	44	46	57
617113	55	57
617169	6	7	10	57
617114	7	11	44	46	48	55	58
617116	57
617171	7	55	57
617118	57
617173	9	15	33	55	57
617119	6	9	35	47	57
617174	11	12	16	33	44	46	47
617175	8	9	13	21	38
617120	7	9	55	57
617121	9	55	57
617180	6	9	10	11	20	21	47	48	57
617123	9
617182	15	55	57
617125	57
617183	6	7	9	10	15	33	44	45	48	55	57	58
617126	6	7	9	10	11	12	35	47	48	55	57
617184	15	17	33	55	57	58
617127	7	8	9	10	11	17	39	47	48	57
617186	9	17	55	57
617187	37
617188	6	55	57
617190	6	7	8	9	10	15	33	42	44	47	55	57
617132	6	7	9	33	55	57
617193	6	7	9	11	12	17	33	41	42	44	55	57
617133	9	57	58
617194	7	21	46	47	58
617137	7	8	9	10	11	12	13	15	19	20	24	33	37	38	39	40	41	43	44	45	46	47	48	55	57
617140	7	8	9	10	11	12	15	24	33	34	39	42	43	44	47	48	55	57
617141	9
617142	9
617143	7	9	13	17	33	42	44	55	57
617145	8	9	41	57
617153	9	55	57
617156	27	29	55
617157	6	7	9	10	11	13	47	48	55	57
617251	9
617201	7	8	9	11	35	42	48	55	57
617253	6	7	9	12	15	16	29	30	38	43	46	55	57
617205	15	27
617207	9	44	55	57	58
617268	7	8	9	10	11	33	42	55	57
617270	55	57
617271	39
617272	9
617214	37
617275	12
617276	6	9	55	57
617217	12
617280	15
617222	15	29	39	55	57
617282	7	9	33	57
617223	15
617225	9	41	48	57	58
617284	6	7	9	10	11	13	19	33	48	57
617228	6	7	9	15	33	55	57
617290	6	7	17	33	55	57
617232	17	24	55
617234	38
617235	6	9	17	33	55	57
617294	11
617236	8	9
617296	6	7	9	55	57
617237	7	9	12	16	43	55	57
617297	12
617238	9
617239	7	9	15	17	33	46	55	57
617241	6	7	21	33	55	57
617243	6	7	39
617244	6	33	46	47	57
617247	6	15	39	46	47
617248	6	8	9	15	17	33	55	57
617255	6	9	48	55	57
617258	7	9	11	12	13	15	17	24	33	42	44	48	55	57	58
617260	6	7	8	9	10	11	15	17	33	39	48	55	57
617300	7	15	16	21	55
617301	6	7	8	9	10	11	17	33	42	45	46	47	48	55	57
617360	6	7	8	9	10	11	15	33	42	47	55	57
617302	6	7	8	9	55	57
617303	7	9	10	11	13	15	17	24	29	32	39	42	43	44	45	47	48	57
617370	7	8	9	25	39	41	55	57
617304	9
617306	6	7	8	9	11	24	42	44	46	57
617308	9	33	57
617383	45
617384	9	55	57
617319	9
617388	9	13	32	46
617389	9	33	55	57
617321	9	11	15	55
617323	57
617391	6	7	55	57
617392	9	10	11
617393	6	9	10	33	42	44	55	57
617394	8	29	32	39
617330	6	7	8	9	10	11	25	33	35	41	55	57
617395	6	29	57
617333	6	7	8	9	10	11	33	42	47	48	55	57
617396	6	7	11	12	13	42	44	45	46	47
617397	6	15	17	29	55	57
617336	7	11	13	15	17	24	48	55
617337	7	9	10	12
617339	6	9	25	33	57	58
617341	7	9	16	29	33	42	57
617343	39	42
617349	16
617350	55	57
617364	6	7	9	10	12	33	44	47	55	57
617402	8	9	11	19	37	42	44	45	46	47	48	55	57
617404	6	9	17	44	55	57
617405	45	47	48
617406	9	12	39	47	48
617408	15	16
614650	8	39	57
614602	7	9	10	15	29	33
614651	6	8	9	15	16	55	57	58
614607	7	8	9	10	11	12	15	33	42	47	48	57
614608	6	7	8	9	10	11	12	15	33	42	44	47	48	57
614662	35	42
614609	6	7	8	9	10	11	12	15	33	42	44	47	48	57
614665	33
614613	7	9	10	16	35	37	42	44	47	48	57
614614	8
614615	9	17	47	48	57
614669	6	7	8	11	12	17	43
614616	28	33	40
614617	8
614672	15
614618	17	55	57
614673	6	7	57
614674	38	55	57
614675	8
614678	6	9	11	17	33	42	45	48	55	57	58
614679	6	8	10	15	17	21	27
614691	9
614643	6	7	8	9	27	46	47	55	57	58
614696	17	33	55	57
614699	17	33
614652	9	33	39	55	57
614653	7	8	9	11	15	16	17	33	42	45	47	48	55	57
614654	6	15	17	33	39	55	57	58
614700	6	8	9	17	20	21	33	42	47
614701	6	7	9	10	11	33	44	46	47	57
614748	6	7	8	9	10	11	21	23	25	39	43	47	48	55	57
614749	6	9	10	11	15	33	41	43	47	48	57
614702	9	15	33	55	57
614706	9	57
614707	7	8	9	11	13	17	33	44	47	55	57	58
614779	15	16	17	27	29	32
614723	39	40
614782	57
614727	6	7	8	9	12	24	29	33	42	44	46	47	48	55	57
614728	6	57
614732	6	7	8	10	35	37	39	42	57
614736	35	37	57
614739	6	8	33	55	57
614741	6	7	9	11	17	25	29	55	57	58
614742	21	29
614743	21	29
614744	7	8	9	10	57
614750	9	44	55	57
614751	47	48	55	57	58
614753	6	7	9	11	12	23	28	42	46	47	57
614756	6	7	8	9	10	11	12	55	57
614800	6	7	9	10	11	13	38	42	43	46	47	48	55
614842	25	38	42
614844	9	27	39	57
614852	6	57
614807	55	57
614809	39
614856	6	7	8	9	11	12	23	24	28	42	43	44	46	47	55	57
614857	7	9	15	16	17	25	33	37	55	57
614858	10	25	34	37	38	57
614813	6	7	8	9	10	12	25	36	37	42	44	45	46	47	48	57
614859	7	8	10	39	55	57
614814	6	9	15	46	47	48	57
614860	6	7	13	15	46	47	48	57
614815	7	9	15	17	39	42	44	47	57
614861	8
614816	7	9	11	15	16	21	24	35	36	42	44	45	46	47	48	57
614862	9	10	17	29	46	55	57
614863	6	8	9	10	29	40	57
614817	39
614866	6	7	8	9	11	15	29	32	33	36	37	39	42	43	46	47	48	57
614819	9	15	42	47
614867	8	9	48	55	57	58
614820	9	17	57
614869	8	9	57
614822	37
614823	15	16
614871	9	48	55	57	58
614872	7	8	9	11	29	43	46	55
614874	6	8	10	17	20	27	37
614876	6	9	11	15	29	55
614877	9	33	41	57	58
614830	9	55	57
614878	9	17	21	33	42
614831	9	48	55	57
614880	10	11	25	34	35	38	42	46	57
614832	12
614881	48	55	57	58
614833	6	27	39	57
614882	7	8	9	10	11	29	55	57	58
614883	6	7	10	39	55	57
614885	8	9	55	57
614837	25	35	38	42
614886	6	7	8	9	10	15	29	35	39	42	43	55	57
614887	6	7	9	10	29	43	57
614838	11	25	35	37	42	47
614839	10	25	38	57
614840	25	35	37	38
614841	25	35	38
614845	9	29	39	47	57
614894	11
614847	57
614898	23	44	55	57	58
614899	8
614895	44	48	57	58
614896	8	15
614897	10	25	34	35	37	38	57
614851	6	8	9	10	25	38	42	43	44	45	46	47	57
614900	8	9	11	15	39	46	47
614946	6	8	9	29	33	55	57
614947	6	9	15	55	57
614959	6	7	9	55	57
614961	6	7	9	33	42	48	55	57
614962	8	18	25	33	34	35	37	38	58
614915	17	46	55
614916	15
614969	6	7	8	9	10	11	17	35	37	55	57
614970	9	17	39	48	57
614920	8	9	33	35	41	55	57	58
614921	7	11	15	16	17	29	55
614972	29
614922	8	11	15	17	29	33	39	48	55	57	58
614974	7	11
614924	9	11	15	29	55	57
614976	6	7	8	9	10	11	12	13	15	16	24	25	26	27	28	29	32	35	37	43	45	47	48	57
614926	8	36	38
614980	15	16
614932	29	55	57	58
614934	8
614935	6	8	10	17	20	27	37
614937	7	57
614940	12	25
614941	7	9	10	11	12	22
614944	8
614945	8
615043	46	47	48	55	57	58
615005	57
615006	57
615058	9
615007	9	57
615059	6	9
615008	39
615009	7	8	9	10	11	12	15	33	37	39	48	55	57
615010	6	9	57
615065	7	9	10	11	13	36	44	45	46	47	48	55
615067	8	10	15	17	21	27
615071	6	7	8	9	10	11	44	47	57
615072	46	47	48
615073	7	11	13	19	57
615074	7	9	10	11	47	48	55	57
615025	55	58
615075	6	7	9	10	11	55	57
615081	37
615030	57	58
615082	10	57
615031	6	7	12	13	17	33	55	57	58
615083	33
615032	6	9	33	57
615084	6	7	9	15	17	33	39	44	55	57	58
615033	9	11	33	41	48	57
615085	6	7	8	9	29	32	33	42	43
615034	6	7	9	12	19	46	57
615035	9	42	48	55	57	58
615040	15	17	57
615092	15
615041	9	27	37	38	46	57
615042	6	7	9	10	11	17	33	42	44	55	57
615095	6	8	9	10	42	55	57
615048	48	55	57	58
615159	55	57
615160	57
615112	7	33	39	40	41
615113	9
615119	6	15	29	55	57
615120	7	9	11	17	23	55
615122	29	32	55
615179	9
615181	9	55	57
615182	6	9	17	29	33	55	57
615184	15
615185	48	58
615188	9
615190	6	33	57
615191	6	8	9	57
615139	6	7	17	46
615193	10
615145	9
615147	9	16
615155	7	9	10	44	45	46	47	48
615156	7	9	17	55
615157	8	9	55	57	58
615158	29
615248	15
615249	6	8	9	17	33	42	44	55	57
615206	17	21
615207	7	8	17	21	29	31	33
615266	8	10	12	34	42	57
615267	8	10	12	34	42	57
615214	17	33
615268	57
615269	8	10	12	34	42	57
615217	9	55	57	58
615270	10	11	34	42	57
615219	6	57
615271	8	10	11	34	42	57
615220	9	24	42	43	44	46	57
615272	6	8	29	33	47
615273	9	29	47	48	57	58
615222	13	23	24	44	46	47	48
615277	9
615225	7	9	12	13	19	43	47
615226	47	48
615281	9	57
615228	9	17	39	55	57
615282	6	42	55	57
615284	6	9	41	44	47	48	55	57	58
615285	29	32	39	57
615233	9
615286	6	9	57
615234	9	11	29	32	35	37	38
615287	9	35	39	55	57
615235	15
615237	33
615290	24	44	45	46	48	55	57	58
615238	29	30	55
615293	55
615294	7	8	17	20	21
615244	8	9	39	55	57
615297	6	15	16	28	43	48	57
615300	8	38
615350	6	8	9	11	33	55	57
615351	6	7	9	15	33	42	55	57
615360	9
615361	55	57	58
615362	57
615363	15	25	36	38	42	44	46
615314	6	8	9	12	43	47	48	57
615368	9	17	24	42	55	57	58
615369	9	57
615373	15
615374	9
615325	7	15	24	46	55
615376	48	55	58
615377	15
615328	6	12	57
615378	15	16
615330	6	7	11	25	42	55	57
615381	7	8	9	10	11	12	25	29	37	42	44	55
615382	15	16	27	29	39
615386	9	57
615338	6	9	55	57
615342	15	16
615343	16	17
615344	15	16
615395	9	15	29	55
615346	25	35	42
615396	15
615397	39	47	48	57
615352	6	9	15	17	55	57
615398	6	7	9	10	11	12	15	16	25	39	40	42	43	44	46	55	57
615399	17	27	33	42	57
615355	6	8	9	13	15	37	57
615356	6	9	29	33	44	45	55	57
615349	7	9	11	24	42	44	45	46	47	48	57
615400	57
615440	6	8	15	55	57
615441	15	55
615401	11	17	57
615453	29	57
615411	6	9	57
615458	8	9	10
615412	6	9	57
615413	37
615414	6
615415	7	15	21	27	29	30	32	38	39	46	48
615465	6	8	9	10	11	35	37	43	47	48	57
615418	9	15	48	55	57
615468	42
615419	6	7	8	9	10	11	23	33	37	44	48	55	57	58
615471	6	7	8	9	10	11	15	33	35	39	44	48	55	57
615420	9
615473	57
615474	9	15	16	39	57	58
615424	42	44	45	46	55
615476	7	9	57	58
615426	57
615429	8
615481	6	8	10	17	21	34
615482	6	8	15	17	21	27	34
615431	9
615483	11	57
615432	57
615486	17	21	29	47
615434	9	14	22	27
615436	15	16
615490	17	19	46	48	55	57	58
615491	6	9	42	48	55	57	58
615438	6	7	8	29	39	47	48	55	57
615439	9	39
615493	55	57
615444	6	8	10	17	20	27	37
615451	6	8	10	17	20	27
615500	6	8	10	17	20	27	37
615539	6	7	8	9	11	12	15	35	43	46	47	48	55	57
615540	8
615502	6	9	11	12	15	16	33	37	55	57
615547	7	9	11	33	35	37	42	47	55	57
615503	6	10	15	21	23	24	29	30	35	39	43	45	46	47	48
615548	33	42	55	57	58
615504	6	8	10	17	20
615505	6	8	10	17	20	27
615550	15	47
615506	7	10	11	16	23	29
615551	58
615552	56	58
615508	15	16	17	33
615553	6	7	42	45	46	47	48	55	57
615510	8	9	16	33	55	57	58
615554	25
615511	55
615555	25	38
615512	9	17	44	55	57	58
615513	8	17	21	32	33
615558	9	33	57	58
615559	29	32	39	42
615515	17	57
615560	7	8	9	10	12	24	43	44	47	48	57
615516	6	7	9	11	48	55	57
615517	29	32
615518	8	11	18	21
615565	9
615522	25	32	45	46	48	55
615523	9
615524	7	9	10	15	16	21	26	32	33	37	38	57
615573	39	55
615527	6	9	11
615574	6	7	8	9	17	33	47	48	57
615528	7	9	57
615575	47	48	55	57
615529	6	43
615577	17	57
615530	7	9	11	57
615578	9	55	57
615582	6	7	9	11	15	16	23	24	26	28	42	43	44	45	46	47	48	55	57
615583	6	7	9	10	11	13	15	33	39	44	45	46	47	57
615541	6	7	8	9	10	12	44	57
615542	13	15	35	37
615544	9	57
615546	6	7	8	9	10	11	12	17	20	23	24	33	35	37	39	42	43	44	46	47	48	55	57
615592	11	17	33
615595	17	29	33	55
615596	6	9	33	57
615597	6	9	17	29	33	35	37	57
615599	6	9	15	48	57
615538	9	10	57
615604	57
615658	9	46	55	57	58
615605	39	42	46
615607	8	17	33
615663	6	7	9	10	11	35	37	43	46	55	57
615665	7	9	39	48	57
615615	8	17	33
615616	15
615670	44	46	57
615617	8	11	17	33
615673	6	9	55	57	58
615625	41	48	55	57	58
615681	44	46	55	57
615629	8
615683	6	9	48	55	57
615630	9	11	15	21	23	24	29	32	39	45	46	47	48	57
615685	47	58
615686	55	57	58
615631	29	32	47	48
615632	48	58
615688	7	9	16	29	32	33	39	42	47	48	55	57	58
615633	9	21	23	24	28	37	39	45	46	47	57
615636	8	9	10	17	21	23	24	29	39	57
615637	6	7	9	10	43	47	55	57
615643	48	55	57	58
615651	9	57
615703	15	16	29	37	57
615704	6	7	9	21	29	30	44	55
615758	17	33	55
615705	9	57	58
615706	7	8	11	16	19	43
615760	6	8	9	10	55	57
615707	7	8	17
615761	6	7	9	10	11	12	33	35	37	44	57
615709	44
615763	55	57
615710	29	30	31	33
615767	17	33
615768	9	41	57	58
615715	6	7	8	57
615716	6	8	9	10	11	55	57
615770	15
615771	6	9	57
615721	7	21	39	40	48
615774	38
615722	7	9	47	57
615723	25	38
615777	6	7	9	10	11	21	23	24	42	46	47	48	57
615724	38
615779	15	16
615725	9
615780	9
615731	7	11	17	23	42	44	46	55	57
615785	10	11	18	33	38
615735	11
615789	6	7	9	10	42	43	47	48	57
615744	57
615745	15
615750	16	33	35	57
615751	17	57
615846	6	9	29	32	33	39	55	57
615802	6	8	9	10	11	12	13	55	57
615803	6	9	10	11	37	57	58
615807	6	7	10	39	43	44	57
615859	7	8	9	10	11	57
615860	9
615809	6	7	8	9	11	57	58
615861	39
615862	8	16	29	39	57
615812	15	16	28
615863	33
615816	8	10	11	17	21	39	44	55	57	58
615866	6	7	8	9	11	39	47	48	57
615817	57
615871	57
615821	12	15
615872	17	21	27	38
615873	6	7	9	10	11	15	33	42	47	55	57
615824	8	9	10	35	39	47	55	57
615877	6	7	9	35	37	43	46	47	48	55	57
615828	7	9	10	11	48	57
615878	29
615829	7	8	9	10	17	19	55	57
615879	6	7	9	15	28	44	57
615833	6	33	55	57
615883	9	42	44	55	58
615834	6	7	8	9	10	11	33	42	44	47	48	57
615885	6	9
615837	8
615887	12
615838	9	17	55	57
615888	10
615889	9	55	57
615841	37
615842	37
615849	7	9	11	35	47	48	57
615895	9	15	29	44	55	57
615851	6	42	44	55	57
615946	9
615947	9	29	30	32	33
615905	6	12	55	57
615994	9	15	27	35	39	47	48	57
615907	35	55
615957	9	57	58
615959	7	9	11	15	17	33	45	55	57	58
615960	9	55	57
615911	8	9	33	55	57	58
615962	16	38
615963	34	39	40	41	42
615916	15
615917	6	7	9	55	57
615966	6	7	8	9	10	11	17	35	47	48	57
615918	29	55	57
615919	6	8	9	33	42	48	55	57
615922	9
615972	9
615923	42	44	45	47	48
615973	9
615924	29	55	57
615974	8
615925	42
615926	6	7	9	33	35	39	41	45	57
615979	7	9	10	11	57
615980	13	24	28	29	36	55
615981	9	15	35	39	47	48	57
615934	10	16	17	21	42	47	48	55
615982	9	10	12	35	39	47	48	57
615935	29	30
615983	9	35	39	47	57
615984	9	35	39	47	48	57
615937	6	16	47	48	57
615985	6	9	27	35	39	47	48	57
615938	6	7	47	48	57
615986	9	39	47	48	57
615987	9	27	35	39	47	48	57
615942	6	7	9	10	11	48	57
615988	9	35	39	47	48	57
615989	9	35	39	47	48	57
615948	6	7	9	11	12	35	47	48	57
615990	9	47	48	57
615991	9	39	57
615952	12	21	33	42
615993	8	9	17	35	39	47	57
615954	7	16	42
615995	9	39	47	57
615996	9	10	35	39	47	48	57
616044	8
616001	7	8	9	10	23	25
616045	6	15	16	55	57
616002	39
616005	17
616006	7	8	9	10	11	12	15	21	33	39	47	55	57
613205	13	15	17	42	44	46	48	55	57
613266	8	9	10	11	33	35	43	57
613206	8	9	33	41	44	48	57	58
613267	9
613211	12
613217	33	46
613280	29	57	58
613285	8
613225	10	11	42	55	57
613287	8	46	48	58
613227	9	57
613291	33
613239	9	15	55	57	58
613243	15
613255	15	16	17
613353	58
613307	8
613308	7	13
613309	7	8	10	11	13	15	16	17	26	39
613310	9
613313	15	29	32	35	36
613319	55
613376	55	58
613320	6	7	8	10	11	13	15	17	23	24	28	42	43	44	45	46	57
613382	12	47	48
613327	15	28	29	32	33	42	44	55
613385	6	7	8	9	21	29	32	33	47	57
613388	39	42	55
613330	6	9	13	24	28	44	45	46	47	48
613390	15	33	35	39	46	47
613391	8	57
613398	6	7	8	9	11	15	16	47	48	57
613341	9
613345	55
613454	6	9	11	17	33	44	46	48	57
613402	6	55	57	58
613404	6	7	8	15	29	39	42	45	48	57
613406	6	7	8	9	10	11	26	35	42	44	47	48	55	57
613471	11	29	32	33
613477	6	9	57
613418	42
613480	55
613485	15	16	21
613424	15
613426	15	16
613489	6	7	9	17	29	32	33	55	57
613490	17	20	21	29
613493	6	8	9	17	39
613494	6	21
613495	17
613496	17	39
613443	6	7	8	9	10	11	55	57
613451	6	9	10	43	57
613464	9
613453	8
613500	8	17	57
613554	10
613501	8	17	20	33
613502	6	8	17	33
613563	7	8	9	10	11	13	15	21	23	25	37	42	46	55	57
613507	15	55
613573	12	47	48
613517	9
613581	9
613582	9
613587	9
613550	9	29	39	57
613558	8
613559	7	9	33	55	57	58
613561	9	15	17	29	33	55
613660	9
613661	6	7	8	9	25	33	57
613662	8	9	29	33	55	57	58
613610	6	7	8	9	11	12	13	23	24	42	43	46	47	55
613611	10	11	15	55
613668	6	9	33	57
613670	6	7	9	10	11	55	57
613671	7	8	9	11	12	42	57
613617	9
613672	7	9	11	57
613673	15	29	32
613674	39	40	41
613676	6	8	10	11	24	45	57
613677	16	39	55
613679	10	11	33	38	42	55	57
613680	6	7	9	10	11	12	15	16	38	39	41	57
613684	6	7	8	9	10	11	12	47	48	57
613686	15	16	21	22	23	24	27	44	57
613688	15
613640	47	48	58
613641	7	48	56	58
613690	15
613693	15
613652	39
613694	15
613695	15
613697	15
613647	9	41	57	58
613706	6	8	9	10	13	15	33	44	47	57
613762	35	36	37	38
613707	8	9	10	13	15	23	42	57
613708	47	48	55	57	58
613763	9
613710	42	48	55	57	58
613765	15
613767	9
613717	7	8	9	10	11	57
613718	8
613720	57
613721	57
613779	39
613722	57
613780	16
613723	42	44	55	57
613724	9	37	57
613728	9	48	55	57
613789	57
613730	6	9	29	37	39	57
613790	57
613731	9
613794	9
613735	6	7	8	10	11	41	55	57
613795	9	11	12	15	16	24	28	33	38	41	42	44	45	46	47	48
613744	6	7	8	9	10	11	42	48	55	57
613750	9
613759	15	16	29	32	57
613800	6	7	8	10	11	17	20	25	33	36	42	46	47
613801	9
613848	6	7	9	11	12	21	24	33	37	39	42	44	46	57
613803	6	7	8	9	10	11	19	20	21	24	25	33	35	36	42	43	46	47	48	57
613804	6	8	11	17	21	24	25	33	35	42	46	57
613805	6	7	8	11	12	24	33	35	42	43	46	47	48	57
613861	9
613862	9
613863	57
613811	6	46	57
613865	8
613812	28	32	33
613869	17	22	42	55
613870	8	10	15	16	35	47	57
613818	6	44	46	55	57
613873	15	21
613819	23
613874	15
613875	15
613876	15
613823	6	7	9	10	11	12	24	36	37	42	47	48	57
613877	7	16	29	55
613881	15
613830	9
613882	39	55	57
613834	9	16	17	21	33	37	41	57
613885	6	8	9	10	11	13	28	29	39	47	48	57
613886	7	33	38	57
613887	9
613838	15
613839	6	9	29	55	57
613843	9
613849	6	7	9	10	11	12	24	42	43	44	46	47	57
613854	16
613855	8	9	57
613845	16	17	33	39	55	57
613953	8	11	17	21
613908	9	13	57
613916	8
613977	29
613980	15
613925	6	57
613926	6	57
613983	9
613986	57
613987	11	29	35	57
613988	11
613989	6	11	12	15	21	29	33	42	46	57
613990	6	8	9	11	12	21	37	42	46	57
613957	37
613958	37
613960	11	17	33
613951	6	7	8	9	10	37	39	46	47
614049	15
614050	15	16
614008	7	9	10	11	12	15	16	21	24	42	43	44	46	47	55
614009	10
614063	6	35	57
614065	15	55	58
614066	6	7	10	11	42	45	46	48	55	57
614067	6	7	9	10	11	42	48	55	57
614017	6	8	10	17	21	27
614069	7	8	9	10	11	20	21	33	57
614018	44	57
614019	6	57
614020	11	57
614021	15
614022	15
614076	9	10	21	33
614023	6	57
614078	6	7	8	9	10	11	43	44	45	46	47	48
614025	15
614080	6	7	8	9	10	11	15	16	21	26	33	39	40	41	45	47	48	55	57
614083	7	8	9	10	11	13	15	20	33	35	39	44	46	47	57
614035	8
614091	11	13	21	23	24	30	32	33	35	39	46	47	48
614038	8	9	13	35	36	47	55
614096	15	21	55	57
614039	6	9	57
614098	6	7	9	10	11	42	44	55	57
614099	6	7	9	11	12	16	23	29	39	43	46	47	48
614052	6	7	8	9	10	11	15	17	28	33	35	37	55	57
614152	8
614102	17	33
614162	11	16	17	33	42
614104	6	7	8	9	10	12	57
614105	6	7	9	10	11	33	55	57
614167	9
614113	57
614114	6	7	8	9	10	15	16	21	33	42	43	46	47	57
614115	9	57
614170	8	9	28	42	45	55
614116	8	48	57	58
614171	9
614172	21
614173	46	57
614120	7	11	47	48	57
614175	31	39	47	48	57
614181	9
614129	6	8	38	57
614131	39	55
614185	7	9	10	11	15	16	19	21	29	42	44	46	47	48
614186	9
614135	42	44	45	46
614188	6	7	9	12	43	47	48
614196	39	55
614198	9	11	17	44	55	57
614156	29	31
614153	8	9	11	55	57
614201	10
614202	6	7	9	10	11	57
614203	57
614204	11	31	42
614261	6	7	8	9	10	11	15	16	41	47	48	55	57
614205	6	7	8	10	11	13	23	44	45	46	48
614262	7	9	15	20	33	42	45	47	48
614207	6	55	57
614209	28	35	39	41	46	48	57
614212	57
614213	47	48	55	57	58
614219	6	7	8	9	10	11	46	47	48	55	57
614279	35	37	38
614222	6	7	8	9	10	11	12	23	35	36	37	43	44	46	47	48	55	57	58
614224	9	16
614225	6	7	8	9	10	35	36	37	43	46	48	57
614284	8	9
614226	7	9	11	32	57
614228	48	55	57	58
614229	9	33	57
614292	9
614231	6	7	9	10	11	17	33	35	37	42	46	55	57
614296	8	9
614250	57
614298	7	9	24	47	48	55	57	58
614299	9	15	17	29	33	55	57
614249	57
614255	6	9	42	48	55	57	58
614251	57
614300	6	8	9	15	16	29	47	48	55	57
614302	13	15	55
614303	9
614305	6	7	8	9	24	43	44	45	46	47	48	57
614306	9	57
614307	9	29	57	58
614369	8	48	55	57	58
614370	17	21
614373	55	57
614376	7	9	10	11	12	21	23	24	28	29	39	45	46	47	48
614377	9	29	30	39	47
614321	13	15	48	55
614378	6	8	9	10	11	12	20	21	23	24	29	32	39	42	43	45	47	48
614322	9	57	58
614380	39
614381	9	12	33	57
614324	25	36	38
614325	9	11	15	17	33	44	57	58
614326	6	43	47	48	57
614327	9	21	57
614388	6	7	9	55	57	58
614328	8	9	15	33
614389	38
614390	38
614391	38
614335	47	48
614338	30	33
614399	6	7	11	13	17	23	26	33	42	44	47	48	55	57	58
614340	6	7	10	55	57	58
614402	6	9	11	57
614455	8	39	47	48	55	58
614457	6	9	17	28	35	42	57
614408	55
614458	15	55	57
614409	8	9	37	41	44	48	55	57	58
614462	6	15	17	42	55	57
614464	9	17	29	35	39	47	55	57
614465	9	39	47	57
614417	57
614468	10	20
614418	57
614470	17	29	32
614420	39
614473	15	16	39	46
614474	15
614424	6	7	8	9	10	11	16	17	39	47	55	57
614475	15	16
614429	15	16
614480	29	32
614430	15
614431	15
614482	8	9	55	57
614432	15	16
614483	57
614433	15	16
614485	6	9	43
614435	15
614487	9	33	55	57	58
614436	42	55	58
614437	6	7	8	9	10	11	15	16	21	24	26	35	42	47	48	57
614491	16
614492	16
614450	6	9	10	11	12	15	16	28	33	43	45	46	57	58
614495	16
614496	16
614497	9
614498	6	7	9	15	17	42	43	57
614499	6	57
614441	7	42	46	47	48
614500	9	47	48
614501	7	9	10	11	15	19	28	33	43	47	55	57
614504	8	9	57
614563	6	7	47	48	57	58
614564	9	10	11	12
614507	8	9	11	29	33	55	57
614565	9
614508	55	57
614514	9	16	21
614576	6	7	9	29	33	39	47	57
614521	15
614582	15	17	29	33	57
614524	7	10	21	23	24	28	43	44	45	46
614583	6	7	8	9	10	11	13	15	44	57
614592	6	7	8	9	11	12	23	24	29	32	36	43	45	46	47
614594	8	9	10	11	13	33	34	47	48
614541	6	7	8	9	10	11	13	23	25	33	43	47	48	57
614557	7	8	9	11	15	16	21	28	35	41	42	44	46	47	48	55	57
614558	6	55	57
614559	6	8	9	57	58
614561	57
611638	9
611705	7	9	15	42	44	55
611773	9	15	16	39	55	57
611719	6	7	8	13	15	27	39	55	57
611721	9	17	29	32	33	57
611788	16
611722	17	57
611726	6	9	57
611762	8	11	27	42	55	57
611878	15
611880	15
611812	8	11	15	16	21	26	37	39	40	41
611881	9	13	29	31	32	55	57
611816	7	9	10	11	47	48	57
611884	17	21	27	37
611818	15
611819	15
611820	15
611938	15	57
611943	6	9	17	57
612073	7	8	9	17	33	55	57	58
612075	9	33	39	55	57
612076	39
612079	6	12	25	42	44	47	55	57
612015	6	7	8	9	13	17	25	29	33	47	48	55	57
612016	48	55	57	58
612018	9
612020	55	57	58
612095	9
612098	15
612067	7	13	33	57
612069	7	11	17	33	55	57
612158	15
612109	8	9
612124	15
612126	57
612199	9	11	16	33	42	44	46	57
612132	7	10	12	17	33
612138	8	9	10	33	42
612164	9	57
612201	15
612281	9
612284	11	29	39	47	48	57
612285	9	57
612286	39	42	44
612287	39	42	44
612290	8	11
612291	9	17	57
612227	30
612233	6	9	17	33	42	57
612240	15
612247	6	7	9	10	38	43	57
612300	55	58
612356	16
612304	9	16	21	57
612370	8	11	37
612310	38
612313	6	7	8	9	10	11	12	28	47	48	57
612379	6	8	9	10	57
612319	9	41	57
612389	6	7	9	33	55	57
612394	7	8	9	10	11	16	26	42	43	44	45	46	47	48	55	57
612336	16	21
612337	6	7	8	9	10	11	57
612347	8	15
612350	9	11	12	44	45	46	47	48	55
612422	15
612437	9	57	58
612438	6	8	9	57
612447	6	7	8	9	11	24	35	37	43	46	47	48	57
612462	7	9	10	12	13	42	47	48	57	58
612463	7	9	10	12	13	42	47	48	57
612577	55	57
612527	7	15	47
612591	33	38
612529	12
612539	48	55	57
612540	6	7	9	11	17	33	42	47	55	57
612541	6	8	10	11	15	16	17	24	29	32	37	39	47	57
612561	9	11	15	20	47
612562	7	8	10	11	15	24	29	33	42	44	47	57
612563	7	9	10	11	29
612567	33
612674	8	9	48	55	57	58
612621	6	13	57
612691	57
612626	6	7	8	9	10	15	35	47	48	57
612692	6	8	9	17	20	33
612643	8
612644	8
612645	8
612651	7	8	9	10	11	23	34	35	39	45	46	47	48	57
612653	29	32
612671	42
612656	8	9	33	55	57
612703	6	7	57
612702	10	11	35	38	42	57
612712	9
612713	9	10	11	42	44	46	57
612714	10	12	20	29	30	32	33	42	43	57
612780	8	16	33	39	41	57	58
612716	6	9	57
612782	11	12	17	55
612718	55	57
612783	9	12	55
612794	15
612798	8
612736	55	57
612740	21	33	55	58
612885	25	35	38
612840	10	29	32	33	42
612847	44	46	47
612852	11	21	24	29	32	42	44	46	47	57
612956	15
612961	44	46	47	48
612964	25	36	38
612965	25	35	36	37	38
612918	7	16	32	37	39	43	44	46	47	48	55	57
612975	57
612922	16	39
612923	16	39
612924	16	39
612925	16	39
612926	16	39
612989	8	9	15	58
612932	55
612933	39	55
612936	6	7	9	10	11	47	48	57
612997	37
612998	13	15	55
612938	6	7	8	9	10	11	13	15	16	35	36	37	43	47	55	57
612999	15	17	55
612940	6	7	8	9	10	16	33	42	44	45	46	47	57
612943	9
612949	9	17	55	57
612951	6	7	8	9	57
612952	6	11	33	42	57
612953	7	9	57
612954	7	13	15	17	26	44	46	48	55	57
613000	11	35
613001	8	9	15	16	37	39	43	44	46	55	57
613068	57
613070	28	29	33	55
613071	20	21
613011	29	32
613074	8
613075	7	9	11	12	15	20	23	33	37	40	42	44	46	47	48	55
613077	8	9	33	55	57	58
613079	8
613021	20	21
613087	15
613027	29	32	55	57
613090	8	39	55	57
613091	11	15	17	21	23	24	29	30	33	35	39	44	45	46	47	48	57
613092	39
613093	9
613095	7	15	16	29	39
613038	6	7	9	10	11	43	55	57
613060	57
613151	6	9	55	57
613152	55
613158	15	55	57
613105	9
613159	8	15	16	29	30	39	55	57
613108	36	38
613161	6	33	35	39	40	41	44	57
613162	46	48	57
613163	7	9	55	57
613115	9	41	42	47	48	55	58
613118	16	21	33	57
613172	15
613120	15
613122	15
613177	6	7	9	10	11	15	19	21	26	28	33	35	39	41	42	43	48	55
613179	6	8	16	18	20	21	32	39	57
613180	6	9	57
613135	7	9	11	33	57
613192	6	7	9	11	12	13	47	57
613193	15	17	18	21	27	37	38
613195	9
613148	33
613153	9	15	17	55	57	58
613154	9	42	43	55	57
613155	6	7	9	11	15	42	55	57
613156	6	7	9	11	13	15	17	35	37	42	44	45	55	57
613157	9	44	46	55	57	58
613150	6	9	11	42	44	55	57
613251	15
613254	9	11	15	21	39	42	57
613204	17	44	55	57
613265	8	9	33
608565	8
608567	15
608647	6	8	10	17	20	21	27
608611	9	57
608612	7	9	10	11	12	13	24	42	43	47	48	55
608673	44	48	58
608615	9	12	25	33
608622	16
608627	55	57
608688	6	7	8	9	10	11	15	36	57
608629	7	8	9	10	11	17	39	57
608634	58
608641	8
608643	9	10	16	33	57
608654	11	42	47	48	57	58
608758	15	17	57
608709	7	55
608716	6	7	8	9	57
608782	9	33	55	57
608728	23	24	44	45	46
608799	6	7	9	10	11	16	17	29	32	46	47	55	57
608747	6	7	8	9	42	47	57
608751	15	17
608768	9	57	58
608800	7	9	11	15	17	19	20	33	34	35	37	57
608804	6	7	9	57	58
608805	42	44	45	46
608807	15	55
608808	16
608810	9	15	17	55
608885	6	9	29	32	57
608890	8	9
608895	9	42	48	55	58
608836	6	7	8	9	10	11	15	17	23	29	33	39	40	46	47	48	55	57
608840	7	9	11	46	47	55	57
608864	11
608957	21
608902	57
608970	9
608971	8	11	21	29	32	33
608907	57
608908	9
608984	57
608930	7	9	13	17	33	55	57
608931	7	9	11	17	33	42	55	56
608996	38
608940	8	9	12	24	44	45	46	47
609060	6	9	29	33	57
609006	8
609015	9	15	17	29	55	57	58
609069	6	7	8	9	10	15	17	24	30	42	46	47	57
609033	9	33	41	44	47	55	57	58
609040	15
609049	9	39	55	57	58
609056	6	8	9	33	57	58
609115	9	47	48	55
609180	6	9	17	33	42	55	57
609129	8
609192	7	9	11	15	16	24	42	43	44	47	48	57
609195	9	41	44	48	55	57	58
609136	8	9	10	11	33	35	43	48	57	58
609152	9	15	42	57
609161	57
609162	44	45	46	47	48
609200	15	48	55	58
609254	9	39
609270	9	57
609273	7	13	55	57
609218	9
609220	24	35	42	43	44	46	48
609283	8	9	55
609284	7	11	13	17	33	42	44	48	55	57
609227	9	56
609285	7	11	13	15	17	24	33	42	44	55	57	58
609286	8	9	15	33	55	57	58
609241	9	42	55	57
609242	7	8	9	10	11	55	57	58
609260	8	9	42	44	48	57	58
609304	6	55	57
609306	9	57
609307	7	9	48	57	58
609308	6	15	42	44	55	57
609311	44	48	58
609313	6	8	9	29	33	55	57	58
609340	9	44	48	57	58
609432	47	48
609439	8
609441	38	45	46	47	48
609446	57
609452	15	55	58
609460	6	7	8	9	10	11	13	25	33	47	55	57
609508	9
609583	9	39	57
609524	17	55	58
609528	6	7	8	9	10	57	58
609597	9	10	43
609533	8
609541	9	42	44	48	55	57	58
609560	7	17	55
609621	15
609634	9	57
609637	6	7	8	9	10	11	57
609638	8	12	15	20	35	47	48
609646	8
609706	8
609741	9
609812	30	33
609814	39
609821	10
609823	8
609968	57
609975	57
609981	6	17	21	29	32	57
609924	8	9	10	55	57
610003	57
610006	6	9	17	55	57
610015	8	10	15	17	42	46	57
610017	10	44	46	47	48
610019	9
610021	30	57
610090	6	9	33	57
610024	9
610031	6	9	11	57
610048	9
610100	15	48	58
610156	9	35	57
610168	7	9	11	15	16	24	28	42	43	44	47	48	57
610181	6	57
610185	6	7	9	13	44	47	48	57
610125	9	11	35	37	42	57
610188	9	17	39	57
610127	6	7	8	9	10	17	43	55	57	58
610189	9	39	57
610131	9	15	29	33	55	57
610193	15
610198	9	15	29	35	37	55	57
610199	7	8	9	10	11	15	16	24	28	29	30	32	33	39	42	43	44	57
610140	15	47	48	55	58
610153	8
610154	8
610250	33	41	48	55	57	58
610251	7
610202	9
610204	57
610205	7	9	10	15	16	29	39
610265	8
610212	8
610217	9	33	48	57
610220	8
610282	9
610283	9
610293	16	29	32	57
610244	48	57
610245	9	57	58
610246	9	57
610253	6	7	8	9	10	11	15	47	57
610256	9
610357	9	41	55	57	58
610377	6	7	8	9	29	32	33	44	46	57
610313	7	8	11	44	46	47	48	58
610381	9
610329	6	9	55	57
610333	6	8	9	10	21	29	32	33	57
610353	57
610356	9
610370	33
610455	9	11
610474	6	8	11	24	44	46	47	48	57
610475	7	16	42	44	57
610476	15
610419	8
610478	9
610427	9
610489	7	16	42	44	57
610498	7	8	13	16	33	47	55	57
610442	6	7	8	9	10	11	12	13	42	44	45	46	47	57
610443	7	8	9	10	11	12	15	23	34	39	41	42	44	45	46	47	48	55	57
610444	9
610448	16	42
610505	9	15	16	17	29	33	55	57	58
610532	9	44	55	57	58
610536	6	7	8	9	10	11	15	17	33	47	57
610542	7	9	13	17	55	58
610600	16	39
610678	6	9	17	55	57
610612	9
610682	6	7	9	12	16	23	24	39	42	43	44	45	46
610618	7	17	19	33	55
610687	11	13	17	42	55	57	58
610623	9
610688	9	17	29	39	57
610628	10	25	35	38	42	57
610629	13
610644	12	25	36	37	38
610651	6	7	8	9	57	58
610755	20	39
610758	6	7	8	9	10	42	43	44	45	46	47	48	57	58
610768	6	9	15	57
610706	7	8	12	57
610717	8	13	15	29	55	57	58
610725	39	55
610733	6	8	9	10	11	12	13	15	24	25	37	44	46	57
610798	7	17
610738	57
610743	9	57
610759	6	7	9	10	11	12	13	15	33	46	47	48	57
610805	39	41
610828	6	7	9	10	11	12	28	57
610829	6	7	8	9	10	11	12	35	37	47	48	57
610852	6	8	15	17	21	27	29
610968	6	7	9	12	42	43	44	45	46
610913	17	21	47
610978	15	17	57
610915	6	7	9	12	23	24	42	43	44	46	47	57
610984	6	8	16	17	41	42	57
610921	17	21
610992	6	33	57
610947	15	16	42
610951	9	57
610954	6	7	8	9	10	11	12	13	17	33	35	37	47	48	55	57
610967	7	9	12	42	43	44	45	46
611087	6	7	9	10	11	15	33	39	42	55	57
611022	8
611090	57
611091	6	7	9	10	11	48	55	57
611092	57
611093	57
611038	9
611040	9
611067	17	44	47	48	55	57	58
611102	8	37
611105	9	42	55	57	58
611174	6	7	8	9	10	11	12	13	15	16	24	33	35	42	43	45	46	47	48	57
611126	15	29	55	57
611131	9
611134	6	9	11	15	29	39	46	47	48	57
611263	23	46	47	48
611277	57
611225	9	11	42	44	48	55	57
611228	46	55	57	58
611302	6	9	55	57
611307	7	55
611377	47	48
611383	8	9
611390	8	9	41	44	57
611391	9
611369	17	46	55
611489	16	55
611431	6	7	8	9	11	23	55	57
611451	8
611560	9	17	39	44	47	57
611521	17
611584	8	9	10	12	23	43	57
611523	6	7	9	10	11	17	33	55	57
611588	23	42	44	48	55	57	58
611590	29	32	33	39	42	57
611528	15
611597	9
611543	9
611544	9
611548	38
611556	15	55	57
611561	9	11	29	39	46	47	48	57
611603	6	57
611615	15	55
617478	6	15	16	39	55	57
617412	6	8	9	10	11	12	43	47	55	57
617425	7	9	10	29	33	44	46	47	55	57
617432	6	42	57
617433	9
617435	9	11	33	42	44	47	48	55	57
617439	6	43	57
617441	32
617442	38
617450	7	8	9	10	11	33	44	47	48	55	57
617452	6	7	8	9	10	11	13	33	35	42	44	47	48	55	57
617460	9
617466	8	33	35	38	39	41	44
617468	6	7	8	9	11	12	21	24	42	45	46	55
617506	7	8	9	11	13	15	16	37	42	43	46	57