
243300	16
243500	5	12
245000	15
245340	7	9
245348	7	12	15
245570	5	7	12	13	15
245900	7
247100	12
248000	7	12
248190	7
248300	2
248390	15
248450	6
249400	5	7	12	13	15
250790	11	12	13	14
250850	12	13	15
250940	7
250950	7
251120	1	2	3	4	5	6	12	16
251200	7	12	13	15
251270	7	12	15
251750	12
251950	7
252650	12
253550	5	7	12	13	15
253600	7
253601	7	9
254130	7	9
254770	5	7	12	13	15
254780	12
254800	5	7	12	13	15
255110	7
255125	7	9
255960	4	5	6	8	9	10
256100	7	8
256300	7
256370	7	8
256710	5	7	12	15
256730	7	12
256731	5	7	12	15
257980	15
258100	5	6	7	10	11	12	14	15
258501	5	7	12	15
258870	7
260000	7	8
260300	7	12
260350	16
260370	16
260500	5	12
261630	12
261640	12
261670	7
262300	5	6	7	10	11	12	14	15
262600	5	7	12	13	15
264070	5	7	12	13	15
265100	1	2	5	8	12
266200	16
266600	2	3	4	12
266900	7
267750	7	15
268130	12	15
268200	7
269400	5	6	7	10	11	12	14	15
270300	1
271150	7
271400	3	4	16
271900	15
271930	5	12
271980	5	7	12	15
272300	15
272750	7
273900	2	3	6	13	14	15
274270	7	12	15
274500	2	3	6	7	10	11	13	15
274600	3	6	10	11	15
274700	7	13	15
274800	7	13	15
274900	7	13	15
276300	5	12
276710	5	7	12	13	15
276880	5	7	12	15
276900	15
276901	6	10	11	15
276902	6	14	15
276904	6	10	11	15
277410	5	7	12	15
277580	6
278150	5	6	7	10	11	12	14	15
278720	5	6	7	10	11	12	14	15
278730	15
278780	7	12
194071	7	8
201450	12
203100	5	6	7	10	11	12	14	15
203200	5	6	7	10	11	12	14	15
203290	5	6	7	10	11	12	14	15
203450	7	12	13	15
203750	5	12
204300	5	7	12	13	15
204500	5	7	12	15
204650	2	15
204700	2	15
204750	7
204870	5	6	7	10	11	12	14	15
206200	1	2	3	4	5	6	12	16
206700	5	7	12	15
207900	12
210370	5	6	7	10	11	12	14	15
211400	1
211600	16
212500	5	6	7	10	11	12	14	15
212550	5	6	7	10	11	12	14	15
213600	7
214450	5	7	12	15
214950	3	16
215400	7
215700	12
216820	5	6	7	10	11	12	14	15
216900	5	6	7	10	11	12	14	15
217000	7	9
217080	15
217300	5	6	7	10	11	12	14	15
218800	5	7	12	13	15
219050	11	12	13	14
219750	7
220120	7
220150	7	8
220290	3	6	10	11	15
220400	6	10
221200	6	10	11	15
221750	15
221820	5	7	12	13	15
223000	1	2	3	4	5	6	12	16
223100	1	2	3	4	5	6	12	16
224050	7	12
224100	16
224120	3	4
224750	15
224900	15
225100	5	6	7	10	11	12	14	15
225200	5	6	7	10	11	12	14	15
225250	5	7	12	13	15
226700	2
226750	15
227260	6
228550	7	9
230200	5	7	12	15
231300	5	6	7	10	11	12	14	15
231670	12
232600	7
232700	8	11	12	16
233910	12
234580	15
235555	16
235700	3	4	16
235800	5	7	12	13	15
236250	7
236270	7
236600	5	7	12	13	15
236792	15
237450	8	11	12	16
237500	11	12	16
238700	5	7	12	13	15
239500	7
239510	5	7	12	13	15
300066	3	6	10	11	15
300067	5	7	12	15
300088	5	7	12	13	15
300114	7
300210	5	7	12	13	15
300271	7	12	13	15
300367	2	3	6	13	14	15
300323	7	8
300387	7	12	13	15
300400	12
300475	15
300476	5	6	7	10	11	12	14	15
300419	5	7	12	15
300424	5	6	7	10	11	12	14	15
300425	5	7	12	13	15
300491	7	12	13	15
300495	5	7	12	13	15
300436	15
300496	5	7	12	13	15
300558	15
300578	7	12	15
300559	7	9
300653	7
300607	5	7	12	13	15
300615	5	7	12	13	15
300633	11	12	13	14
300636	2	15
300752	11	12	16
300758	11	12	13	14
300803	5	7	12	13	15
300872	5	7	12	13	15
300834	5	6	7	10	11	12	14	15
300888	11	12	13	14
300894	5	7	12	15
300802	5	7	12	13	15
300857	5	12
300849	5	7	12	13	15
300911	5	7	12	13	15
300914	3	6	10	11	15
300918	15
300923	7	12	13	15
300928	15
300946	6	10	11	15
300971	7	8
300982	13
300983	5	7	12	13	15
300984	5	7	12	13	15
301200	2	15
301310	5	7	12	13	15
302500	7
303100	5	6	7	10	11	12	14	15
303110	15
303700	5	6	7	10	11	12	14	15
304400	3	6	10	11	15
304500	3	6	10	11	15
156240	1	2	5	8	12
157170	15
157600	7
158320	1	2	3	4	5	6	12	16
158590	5	7	12	13	15
159000	7
159001	9
159900	7	13	15
160980	5	6	10
161000	2	15
161400	5	7	12	13	15
162000	7	8
162091	7
162210	5	7	12	15
162350	5	7	12	13	15
164500	5	7	12	15
165300	5	7	12	15
165500	5	6	7	10	11	12	14	15
167030	7	8
167200	2	3	4	8	12	13	14	15
167210	15
168500	15
169150	5	6	7	10	11	12	14	15
170400	7	9
170500	7	9
170650	2	15
171400	1	2	3	4	5	6	12	16
172700	5	7	12	13	15
173200	7	10	11	12	15
173600	1	2	5	8	12
175780	7	12	15
176100	8	11	12	16
177000	11	12	16
177650	5	6	7	10	11	12	14	15
180000	5	6	7	10	11	12	14	15
180100	5	6	7	10	11	12	14	15
180104	5	6	7	10	11	12	14	15
180200	12	14	15
181500	5	7	12	13	15
182230	5
182900	16
182980	7
184500	2	15
185000	16
185020	3	4	16
185300	7	12	15
186550	1	2	5	6	9	10	18
187900	2	3	6
189500	2	15
190300	5	7	12	13	15
190330	6	7	10	11	12	15
192500	4	5	6	8	9	10
192600	4	5	6	8	9	10
192950	3	4	7	8	11	12	19
193220	5	6	7	10	11	12	14	15
193510	6	15
194070	7	8
103500	6	10	11	15
104290	5	7	12	15
104300	5	7	12	13	15
104500	2	15
104530	2	15
105150	5	7	12	13	15
105400	7
105550	7
106190	2	15
106210	15
107250	5	6	7	10	11	12	14	15
107600	7	10	11	15
107970	4	5	6	8	9	10
108500	15
113750	5	6	7	10	11	12	14	15
114550	8	11	12	16
115700	5	6	7	10	11	12	14	15
115900	5	6	7	10	11	12	14	15
116200	5	6	7	10	11	12	14	15
116300	5	6	7	10	11	12	14	15
116400	5	6	7	10	11	12	14	15
116700	5	6	7	10	11	12	14	15
116800	5	6	7	10	11	12	14	15
116920	2	15
117210	15
117360	5	7	12	15
118400	15
118600	1	2	3	4	5	6	7	8	9	10	11	12	18	19
118700	5	7	12	13	15
118800	7	13	15
119300	2	15
119800	3	4	7	8	11	12	19
121201	5	7	12	13	15
121850	5	6	7	10	11	12	14	15
122000	5	6	7	10	11	12	14	15
122100	5	6	7	10	11	12	14	15
122200	5	6	7	10	11	12	14	15
122400	5	6	7	10	11	12	14	15
122600	7
123150	7	11
123400	7	12	13	15
124200	12	13	15
124500	6	10
124900	3	6	10	11	15
125350	2	15
125370	5	7	12	13	15
125400	2	15
125420	2	15
125490	2	15
125500	2	15
125630	12	13	15
127750	5	7	12	13	15
128100	7
128200	7	12	13	15
128230	7
128235	7	13	15
129490	2	15
129600	5	6	7	10	11	12	14	15
130900	2	15
131100	1	2	3	4	5	6	12	16
131760	2	3	4	8	12	13	14	15
131900	2	3	4	8	12	13	14	15
135300	2	3	4	8	12	13	14	15
135400	15
135700	7
136120	5	6	7	10	11	12	14	15
136520	5	6	7	10	11	12	14	15
136550	5	6	7	10	11	12	14	15
136630	5	7	12	13	15
136800	5	6	7	10	11	12	14	15
136880	5	6	7	10	11	12	14	15
136900	5	6	7	10	11	12	14	15
137215	2	3	4	8	12	13	14	15
137550	15
137580	5	7	12	13	15
137750	5	6	7	10	11	12	14	15
139090	3	4	16
141200	7	8
141500	5	7	12	15
142623	1	2	3	4	5	6	12	16
142669	11	17
143100	7	12	15
143200	5	6	7	10	11	12	14	15
143860	1	2	3	4	5	6	12	16
143870	7	8
143890	5	6	10
147480	8	11	12	16
148300	5	6	7	10	11	12	14	15
148350	3	6	10	11	15
148500	2	3	4	8	12	13	14	15
148700	2	3	4	8	12	13	14	15
149700	15
150400	15
153700	5	6	7	10	11	12	14	15
154020	7
154500	15
155100	8
304790	1	2	3	4	5	6	12	16
305390	5	6	7	10	11	12	14	15
306000	12
306700	1	2	3	4	5	6	7	8	9	10	11	12	18	19
308800	6	7	10	11	12	15
308990	7	8
309300	5	6	7	10	11	12	14	15
309530	7
309541	7	12	13	15
309548	15
309549	15
310468	7	8
310500	5	6	7	10	11	12	14	15
310600	15
310700	7	10	11	12	15
311250	5	12
311510	7	12	13	15
312170	15
312600	5	6	7	10	11	12	14	15
312700	5	6	7	10	11	12	14	15
312920	7
313500	2	15
314050	3
314250	5	7	12	15
500001	7
500002	7
500003	7
551000	4	5	6	8	9	10
580000	3	6	10	11	15
600002	1	2	3	4	5	6	7	8	9	10	11	12	18	19
600060	15
600059	5	6	7	10	11	12	14	15
600101	3	6	10	11	15
600143	5	7	12	15
600110	5	6	7	10	11	12	14	15
600116	5	7	12	13	15
600121	1	2	3	4	5	6	7	8	9	10	11	12	18	19
600138	5	6	7	10	11	12	14	15
600204	1	2	5	6	9	10	18
600274	5	7	12	13	15
600348	7	12	13	15
600363	7
607208	7	12	15
607278	1	8
607236	5	7	12	15
607313	7
607341	5	7	12	13	15
607475	5	6	7	10	11	12	14	15
607417	5	7	12	13	15
607483	12
607485	5	7	12	13	15
607487	4	5	6	8	9	10
607432	7	12	13	15
607450	4	5	6	8	9	10
607453	3	6	10	11	15
607454	5	7	12	15
607595	5	7	12	15
607541	5	6	7	10	11	12	14	15
607554	4	5	6	8	9	10
607624	5	7	12	13	15
607681	5	7	12	13	15
607682	5	7	12	13	15
607628	5	7	12	13	15
607631	5	7	12	13	15
607636	7	10	11
607641	5	12
607765	3	16
607801	7	9
607821	6	10	11	15
607822	5	12
607823	11	12	14
607829	4	5	6	8	9	10
607842	3	6	15
607850	1	2	5	6	9	10	18
607906	12
607941	4	5	6	8	9	10
608027	15
608097	7
608051	5	6	7	10	11	12	14	15
608189	16
608133	5	6	7	10	11	12	14	15
608161	5	6	7	10	11	12	14	15
608224	3	6	10	11	15
608265	3	6	10	11	15
608393	7	12	13	15
608456	1	2	3	4	5	6	12	16
608471	5	6	7	10	11	12	14	15
608443	7	12	13	15
608553	5	6	7	10	11	12	14	15
600513	5	7	12	13	15
600652	3	6	10	11	15
600791	3	6	10	11	15
600795	7
600803	16
600886	5	6	7	10	11	12	14	15
600858	9
600965	3	6	10	11	15
600919	4	5	6	8	9	10
600971	3	6	10	11	15
600955	1	2	3	4	5	6	12	16
600994	3	6	10	11	15
600995	7
601001	2	3	4	8	12	13	14	15
601067	6	10	11	15
601071	15
601104	5	12
601154	4	5	6	8	9	10
601144	4	5	6	8	9	10
601200	8
601214	4	5	6	8	9	10
601277	5	6	7	10	11	12	14	15
601287	9
601317	15
601369	3	6	10	11	15
601386	6	10	11	15
601399	2	3	6	13	14	15
601493	4	5	6	8	9	10
601494	4	5	6	8	9	10
601583	7	8
601543	3	6	10	11	15
601547	5	6	7	10	11	12	14	15
601552	15
601553	5	6	7	10	11	12	14	15
601631	5	7	12	15
605751	5	7	12	13	15
605814	8	11	12	16
605820	7
605899	5	7	12	13	15
605850	7	9
605909	7
605911	12	16
606072	7	9
606324	5	7	12	15
606346	3	6	10	11	15
606438	5	7	12	13	15
606545	12	14	15
606688	5	7	12	13	15
606658	5	7	12	15
606664	8	11	12	16
606705	3	6	10	11	15
606768	7	9
606713	2	15
606777	7	12	15
606798	5	7	12	15
606762	5	7	12	13	15
606764	1	2	5	6
606824	3	4	12	16
606889	5	7	12	13	15
606854	7
606996	7
606943	6	10	11	15
606966	7	8
607060	13	15
607084	3	6	10	11	15
607091	7
607039	3	6	10	11	15
607101	3	6	10	11	15
607136	7
601718	5	6	7	10	11	12	14	15
601780	5	7	12	15
601859	16
601868	3	6	10	11	15
601869	3	6	10	11	15
601820	16
601885	5	6	7	10	11	12	14	15
601847	16
601954	9
602014	7
602078	5	6	7	10	11	12	14	15
602081	7	12	13	15
602083	15
602032	5	7	12	15
602093	5	6	7	10	11	12	14	15
602066	5	7	12	13	15
602347	16
602400	15
602459	3	6	10	11	15
602481	5	7	12	15
602485	5	7	12	13	15
602579	12
602588	3	6	10	11	15
602540	11
603075	5	6	7	10	11	12	14	15
603147	5	7	12	15
603284	5	7	12	13	15
603218	5	7	12	13	15
603513	7
603592	7
603622	3	6	10	11	15
603629	3	6	10	11	15
603720	3	6	10	11	15
603830	4	5	6	8	9	10
604004	7	12	13	15
604093	5	6	7	10	11	12	14	15
604278	7
604213	15
604219	5	6	7	10	11	12	14	15
604286	9
604290	5	7	12	15
604233	5	7	12	13	15
604307	5	6	7	10	11	12	14	15
604369	7	15
604317	7	12	13	15
604379	5	6	7	10	11	12	14	15
604321	7	12	13	15
604393	5	6	7	10	11	12	14	15
604352	5	7	12	13	15
604364	5	7	12	13	15
604400	4	5	6	8	9	10
604403	5	7	12	13	15
604498	5	7	12	13	15
604432	5	7	12	15
604454	7	9
604559	4	5	6	8	9	10
604625	2	15
604717	3	6	10	11	15
604772	5
604804	15
605021	5	7	12	13	15
605280	7
605309	13	15
605387	5	6	7	10	11	12	14	15
605472	6	10	11	15
605407	7	12	15
605479	8	11	12	16
605583	3	6	10	11	15
605594	15
605676	4	5	6	8	9	10
605670	5	6	7	10	11	12	14	15
616056	5	7	12	13	15
616059	5	7	12	13	15
616025	13	15
616078	15
616079	5	6	7	10	11	12	14	15
616080	7	12	13	15
616032	7	8
616083	12	15
616034	7
616095	5	12
616042	3	6	10	11	15
616099	7	10	11	12	15
616151	5	6	7	10	11	12	14	15
616152	5	6	7	10	11	12	14	15
616108	15
616170	5	6	7	10	11	12	14	15
616171	15
616172	5	7	12	13	15
616116	7
616117	4	5	6	8	9	10
616118	5	6	7	10	11	12	14	15
616126	2	3	6	7	10	11	12	13	15
616187	5	7	12	13	15
616188	5	6	7	10	11	12	14	15
616193	7
616139	7
616140	7
616199	7	9
616295	2	3	4	8	12	13	14	15
616201	4	5	6
616208	5	7	12	13	15
616211	7
616212	7	12	13	15
616216	2	3	6	13	14	15
616219	5	6	7	10	11	12	14	15
616220	7	8
616270	2	15
616221	2	15
616278	16
616279	5	6	7	10	11	12	14	15
616229	7	10	11
616230	5	7	12	13	15
616231	7	9
616282	7
616289	5	6	7	10	11	12	14	15
616247	4	5	6	8	9	10
616249	4	5	6	8	9	10
616346	7
616357	3	6	10	11	15
616366	5	7	12	13	15
616370	7
616371	1	2	5	8	12
616373	1	2	5	8	12
616389	5	6	7	10	11	12	14	15
616390	15
616335	7	12	15
616340	3	6	10	11	15
616398	7	15
616399	4	5	6	8	9	10
616353	15
616355	12	15
616445	2	3	4	8	12	13	14	15
616402	7	12	13	15
616409	7
616410	5	7	12	13	15
616460	15
616411	12
616461	5	7	12	13	15
616413	5	7	12	13	15
616415	1	2	3	4	5	6	12	16
616468	5	6	7	10	11	12	14	15
616418	7
616469	5	6	7	10	11	12	14	15
616421	7
616428	5	6	7	10	11	12	14	15
616436	5	7	12	13	15
616483	12
616486	7
616435	1	2	5	6	9	10	18
616494	15
616452	3	4	16
616544	5	6	7	10	11	12	14	15
616500	4	5	6	8	9	10
616502	5	6	7	10	11	12	14	15
616562	5	6	7	10	11	12	14	15
616566	7
616509	5	6	7	10	11	12	14	15
616515	3	6	10	11	15
616517	5	6	7	10	11	12	14	15
616521	5	7	12	13	15
616532	5	7	12	13	15
616669	5	7	12	13	15
616697	3	6	10	11	15
616622	2	3	4	8	12	13	14	15
616632	7
616685	5	7	12	13	15
616636	7
616689	16
616640	7
616645	7	12	13	15
616657	7
616649	16
616705	3	6	10	11	15
616707	3	6	10	11	15
616760	5	6	7	10	11	12	14	15
616763	7
616722	5	6	7	10	11	12	14	15
616779	5	7	12	13	15
616724	2	15
616736	12	13	15
616730	7	8
616732	5	7	12	15
616738	6	10
616739	7	12	13	15
616859	5	7	12	15
616860	16
616868	3	16
616892	7	8
616839	7	9
616887	5	7	12	13	15
616840	7
616851	5	6	7	10	11	12	14	15
616944	7	12	13	15
616948	5	7	12	15
616958	3	6	10	11	15
616959	5	6	7	10	11	12	14	15
616963	7
616911	15
616968	3	6	10	11	15
616969	3	6	10	11	15
616921	12
616922	5	7	12	13	15
616981	7
616939	12	13	15
616949	7	12	13	15
617049	8	11	12	16
617004	8	11	12	16
617051	7
617008	12
617065	7
617068	16
617020	7
617023	5	6	7	10	11	12	14	15
617024	5	6	7	10	11	12	14	15
617026	7
617073	15
617075	2	3	6	13	14	15
617028	5	7	12	13	15
617080	5	7	12	13	15
617041	6	10	11	15
617046	7
617052	15
617056	7
617100	1	2	3	4	5	6	12	16
617108	1	2	3	4	5	6	12	16
617111	5	6	7	10	11	12	14	15
617113	7
617169	13	15
617116	5	7	12	13	15
617171	7
617118	5	7	12	13	15
617120	7
617121	7
617123	5	6	7	10	11	12	14	15
617125	5	7	12	13	15
617188	7
617141	5	6	7	10	11	12	14	15
617142	5	6	7	10	11	12	14	15
617153	7
617251	5	6	7	10	11	12	14	15
617205	4	8	9	10
617270	7
617271	7	8
617272	5	6	7	10	11	12	14	15
617275	2	15
617276	7
617217	2	15
617280	4	5	6	8	9	10
617282	12
617223	4	5	6	8	9	10
617294	2	3	4	8	12	13	14	15
617236	6	10	11	15
617296	7
617297	2	15
617238	5	6	7	10	11	12	14	15
617243	7
617255	7
617304	5	6	7	10	11	12	14	15
617308	5	12
617383	11	17
617384	7
617319	5	6	7	10	11	12	14	15
617323	5	7	12	13	15
617391	7
617392	14	15
617395	12
617337	15
617350	7
614665	1	2	3	4	5	6	12	16
614614	3	6	10	11	15
614617	3	6	10	11	15
614672	4	5	6	8	9	10
614673	7	12	13	15
614675	3	6	10	11	15
614691	5	6	7	10	11	12	14	15
614706	5	7	12	15
614782	5	7	12	13	15
614728	7	12	13	15
614742	8	12
614743	8	12
614744	15
614750	7
614852	7	12	13	15
614807	7
614809	7	8
614861	3	6	10	11	15
614817	7	8
614869	15
614830	7
614831	7
614832	2	15
614894	2	3	4	8	12	13	14	15
614847	5	7	12	13	15
614899	3	6	10	11	15
614896	6	10
614959	7
614916	4	5	6	8	9	10
614972	8	11	12	16
614974	2	3	12	13	15
614934	3	6	10	11	15
614937	7	12	13	15
614944	3	6	10	11	15
614945	3	6	10	11	15
615005	5	7	12	13	15
615006	5	7	12	13	15
615058	5	6	7	10	11	12	14	15
615007	5	7	12	15
615059	7	10	11	12	15
615008	7	8
615010	7	12	15
615082	13	15
615083	1	2	3	4	5	6	12	16
615032	12
615092	4	5	6	8	9	10
615159	7
615160	5	7	12	13	15
615113	5	6	7	10	11	12	14	15
615179	5	6	7	10	11	12	14	15
615181	7
615184	4	5	6	8	9	10
615188	5	6	7	10	11	12	14	15
615190	12
615191	15
615193	2	3	6	13	14	15
615145	5	6	7	10	11	12	14	15
615158	8	11	12	16
615248	4	5	6	8	9	10
615268	5	7	12	13	15
615219	7	12	13	15
615277	5	6	7	10	11	12	14	15
615281	5	7	12	15
615233	5	6	7	10	11	12	14	15
615286	7	12	15
615235	4	5	6	8	9	10
615237	1	2	3	4	5	6	12	16
615293	7	9
615360	5	6	7	10	11	12	14	15
615362	5	7	12	13	15
615369	5	7	12	15
615373	4	5	6	8	9	10
615374	5	6	7	10	11	12	14	15
615377	4	5	6	8	9	10
615328	15
615386	5	7	12	15
615338	7
615396	4	5	6	8	9	10
615400	5	7	12	13	15
615441	9
615453	12
615411	7	12	15
615458	6	15
615412	7	12	15
615414	3	7	10	11	12	13	15
615420	5	6	7	10	11	12	14	15
615473	5	7	12	13	15
615426	5	7	12	13	15
615429	3	6	10	11	15
615431	5	6	7	10	11	12	14	15
615483	12	13	15
615432	5	7	12	13	15
615439	7
615493	7
615540	3	6	10	11	15
615550	5	6	9	10
615554	3	9	16
615511	7	9
615517	16
615565	5	6	7	10	11	12	14	15
615523	5	6	7	10	11	12	14	15
615573	7
615527	12	15
615528	7	12	15
615529	7	10	11	15
615530	12	15
615578	7
615544	5	7	12	15
615596	12
615538	15
615604	5	7	12	13	15
615665	7
615616	4	5	6	8	9	10
615670	7
615681	7
615629	3	6	10	11	15
615683	7
615651	5	7	12	15
615709	7	8	13	17
615763	7
615710	16
615715	15
615770	4	5	6	8	9	10
615771	7	12	15
615725	5	6	7	10	11	12	14	15
615780	5	6	7	10	11	12	14	15
615735	2	3	4	8	12	13	14	15
615744	5	7	12	13	15
615745	4	5	6	8	9	10
615859	15
615860	5	6	7	10	11	12	14	15
615861	7	8
615863	1	2	3	4	5	6	12	16
615817	5	7	12	13	15
615871	5	7	12	13	15
615878	8	11	12	16
615885	7	10	11	12	15
615837	3	6	10	11	15
615887	2	15
615888	2	3	6	13	14	15
615889	7
615946	5	6	7	10	11	12	14	15
615960	7
615916	4	5	6	8	9	10
615917	7
615922	5	6	7	10	11	12	14	15
615972	5	6	7	10	11	12	14	15
615973	5	6	7	10	11	12	14	15
615974	3	6	10	11	15
615979	15
615935	16
615991	7
616044	3	6	10	11	15
616002	7	8
613267	5	6	7	10	11	12	14	15
613211	2	15
613217	1	2	3	4	5	6	12
613285	3	6	10	11	15
613227	5	7	12	15
613291	1	2	3	4	5	6	12	16
613243	4	5	6	8	9	10
613307	3	6	10	11	15
613308	2	3	6	7	10	11	13	15
613310	5	6	7	10	11	12	14	15
613319	7	9
613391	15
613341	5	6	7	10	11	12	14	15
613345	7	9
613477	7	12	15
613480	7	9
613424	4	5	6	8	9	10
613494	12
613451	15
613464	5	6	7	10	11	12	14	15
613453	3	6	10	11	15
613554	2	3	6	13	14	15
613507	9
613517	5	6	7	10	11	12	14	15
613581	5	6	7	10	11	12	14	15
613582	5	6	7	10	11	12	14	15
613587	5	6	7	10	11	12	14	15
613558	3	6	10	11	15
613660	5	6	7	10	11	12	14	15
613668	12
613617	5	6	7	10	11	12	14	15
613672	12	15
613688	4	5	6	8	9	10
613690	4	5	6	8	9	10
613693	4	5	6	8	9	10
613652	7	8
613694	4	5	6	8	9	10
613695	4	5	6	8	9	10
613697	4	5	6	8	9	10
613763	5	6	7	10	11	12	14	15
613765	4	5	6	8	9	10
613767	5	6	7	10	11	12	14	15
613717	15
613718	3	6	10	11	15
613720	5	7	12	13	15
613721	5	7	12	13	15
613779	7	8
613722	5	7	12	13	15
613728	7
613789	5	7	12	13	15
613790	5	7	12	13	15
613731	5	6	7	10	11	12	14	15
613794	5	6	7	10	11	12	14	15
613750	5	6	7	10	11	12	14	15
613801	5	6	7	10	11	12	14	15
613861	5	6	7	10	11	12	14	15
613862	5	6	7	10	11	12	14	15
613863	5	7	12	13	15
613811	7	12
613865	3	6	10	11	15
613812	3	16
613818	7
613873	5	8
613819	1	8	16
613874	4	5	6	8	9	10
613875	4	5	6	8	9	10
613876	4	5	6	8	9	10
613881	4	5	6	8	9	10
613830	5	6	7	10	11	12	14	15
613882	7
613887	5	6	7	10	11	12	14	15
613838	4	5	6	8	9	10
613843	5	6	7	10	11	12	14	15
613855	15
613908	7	15
613916	3	6	10	11	15
613977	8	11	12	16
613980	4	5	6	8	9	10
613925	7	12	13	15
613926	7	12	13	15
613983	5	6	7	10	11	12	14	15
613986	5	7	12	13	15
613987	12
613988	2	3	4	8	12	13	14	15
614049	4	5	6	8	9	10
614009	2	3	6	13	14	15
614063	12	13
614018	7	13
614019	7	12	13	15
614020	12	13	15
614021	4	5	6	8	9	10
614022	4	5	6	8	9	10
614023	7	12	13	15
614025	4	5	6	8	9	10
614035	3	6	10	11	15
614039	7	12	15
614152	3	6	10	11	15
614104	15
614167	5	6	7	10	11	12	14	15
614113	5	7	12	13	15
614115	5	7	12	15
614171	5	6	7	10	11	12	14	15
614172	1	2	5	8	12
614173	5	7	12
614181	5	6	7	10	11	12	14	15
614131	7
614186	5	6	7	10	11	12	14	15
614196	7
614156	11	12	16
614201	2	3	6	13	14	15
614202	15
614203	5	7	12	13	15
614207	7
614212	5	7	12	13	15
614284	6	10	11	15
614229	5	12
614292	5	6	7	10	11	12	14	15
614296	6	10	11	15
614250	5	7	12	13	15
614249	5	7	12	13	15
614251	5	7	12	13	15
614303	5	6	7	10	11	12	14	15
614306	5	7	12	15
614373	7
614380	7	8
614327	5	12
614328	6
614338	16
614402	12	15
614408	7	9
614417	5	7	12	13	15
614418	5	7	12	13	15
614420	7	8
614474	4	5	6	8	9	10
614480	16
614430	4	5	6	8	9	10
614431	4	5	6	8	9	10
614483	5	7	12	13	15
614485	7	10	11	15
614435	4	5	6	8	9	10
614497	5	6	7	10	11	12	14	15
614499	7	12	13	15
614504	15
614564	15
614565	5	6	7	10	11	12	14	15
614508	7
614521	4	5	6	8	9	10
614558	7
614561	5	7	12	13	15
611638	5	6	7	10	11	12	14	15
611726	7	12	15
611878	4	5	6	8	9	10
611880	4	5	6	8	9	10
611818	4	5	6	8	9	10
611819	4	5	6	8	9	10
611820	4	5	6	8	9	10
611938	5
612076	7	8
612018	5	6	7	10	11	12	14	15
612095	5	6	7	10	11	12	14	15
612098	4	5	6	8	9	10
612158	4	5	6	8	9	10
612109	6	10	11	15
612124	4	5	6	8	9	10
612126	5	7	12	13	15
612164	5	7	12	15
612201	4	5	6	8	9	10
612281	5	6	7	10	11	12	14	15
612285	5	7	12	15
612290	3	15
612227	16
612240	4	5	6	8	9	10
612379	15
612319	7
612337	15
612347	6	10
612422	4	5	6	8	9	10
612438	15
612577	7
612527	6	10
612529	2	15
612539	7
612567	1	2	3	4	5	6	12	16
612621	7	13	15
612691	5	7	12	13	15
612643	3	6	10	11	15
612644	3	6	10	11	15
612645	3	6	10	11	15
612653	16
612703	7	12	13	15
612712	5	6	7	10	11	12	14	15
612716	7	12	15
612718	7
612794	4	5	6	8	9	10
612798	3	6	10	11	15
612736	7
612956	4	5	6	8	9	10
612975	5	7	12	13	15
612932	7	9
612933	7
612943	5	6	7	10	11	12	14	15
612951	15
612953	7	12	15
613000	12	13	14
613068	5	7	12	13	15
613071	1
613011	16
613074	3	6	10	11	15
613079	3	6	10	11	15
613021	1
613087	4	5	6	8	9	10
613092	7	8
613093	5	6	7	10	11	12	14	15
613060	5	7	12	13	15
613151	7
613152	7	9
613105	5	6	7	10	11	12	14	15
613162	7	12
613163	7
613172	4	5	6	8	9	10
613120	4	5	6	8	9	10
613122	4	5	6	8	9	10
613180	7	12	15
613135	12
613195	5	6	7	10	11	12	14	15
613148	1	2	3	4	5	6	12	16
613251	4	5	6	8	9	10
613265	6
608565	3	6	10	11	15
608567	4	5	6	8	9	10
608611	5	7	12	15
608627	7
608641	3	6	10	11	15
608709	7
608716	15
608807	9
608890	6	10	11	15
608864	2	3	4	8	12	13	14	15
608957	1	2	5	8	12
608902	5	7	12	13	15
608970	5	6	7	10	11	12	14	15
608907	5	7	12	13	15
608908	5	6	7	10	11	12	14	15
608984	5	7	12	13	15
609060	12
609006	3	6	10	11	15
609040	4	5	6	8	9	10
609129	3	6	10	11	15
609161	5	7	12	13	15
609254	7
609270	5	7	12	15
609273	7
609218	5	6	7	10	11	12	14	15
609304	7
609306	5	7	12	15
609439	3	6	10	11	15
609446	5	7	12	13	15
609508	5	6	7	10	11	12	14	15
609583	7
609597	14	15
609533	3	6	10	11	15
609621	4	5	6	8	9	10
609634	5	7	12	15
609637	15
609646	3	6	10	11	15
609706	3	6	10	11	15
609741	5	6	7	10	11	12	14	15
609812	16
609814	7	8
609821	2	3	6	13	14	15
609823	3	6	10	11	15
609968	5	7	12	13	15
609975	5	7	12	13	15
610003	5	7	12	13	15
610019	5	6	7	10	11	12	14	15
610090	12
610024	5	6	7	10	11	12	14	15
610031	12	15
610048	5	6	7	10	11	12	14	15
610156	12
610181	7	12	13	15
610189	7
610193	4	5	6	8	9	10
610153	3	6	10	11	15
610154	3	6	10	11	15
610251	2	3	6	7	10	11	12	13	15
610202	5	6	7	10	11	12	14	15
610204	5	7	12	13	15
610265	3	6	10	11	15
610212	3	6	10	11	15
610217	12
610220	3	6	10	11	15
610282	5	6	7	10	11	12	14	15
610283	5	6	7	10	11	12	14	15
610244	7	12
610246	5	7	12	15
610256	5	6	7	10	11	12	14	15
610381	5	6	7	10	11	12	14	15
610329	7
610353	5	7	12	13	15
610356	5	6	7	10	11	12	14	15
610370	1	2	3	4	5	6	12	16
610455	12	14	15
610476	4	5	6	8	9	10
610419	3	6	10	11	15
610478	5	6	7	10	11	12	14	15
610427	5	6	7	10	11	12	14	15
610444	5	6	7	10	11	12	14	15
610612	5	6	7	10	11	12	14	15
610623	5	6	7	10	11	12	14	15
610629	2	3	6	7	10	11	13	15
610706	15
610725	7
610738	5	7	12	13	15
610743	5	7	12	15
610805	7	8
610992	12
610951	5	7	12	15
611022	3	6	10	11	15
611090	5	7	12	13	15
611092	5	7	12	13	15
611093	5	7	12	13	15
611038	5	6	7	10	11	12	14	15
611040	5	6	7	10	11	12	14	15
611131	5	6	7	10	11	12	14	15
611277	5	7	12	13	15
611302	7
611307	7
611383	6	10	11	15
611391	5	6	7	10	11	12	14	15
611451	3	6	10	11	15
611528	4	5	6	8	9	10
611597	5	6	7	10	11	12	14	15
611543	5	6	7	10	11	12	14	15
611544	5	6	7	10	11	12	14	15
611603	7	12	13	15
611615	9
617433	5	6	7	10	11	12	14	15
617439	7	15
617441	3	4	16
617460	5	6	7	10	11	12	14	15