
1	19	20	21	23	26	33	46	47
2	7	10	11	12	13	21	22	24	26	33	46	47
3	6	7	8	10	11	13	19	22	25	26	27	28	32	33	46	48
4	11	15	18	19	22	26	27	32	33	46	48
5	9	15	18	19	21	26	33	46	47	57
6	7	8	9	10	13	15	24	26	33	46	47
7	6	7	9	13	24	39	41	43	44	46	48	55	57
8	11	15	19	21	22	23	24	26	27	28	29	39	41	44	46	48
9	15	22	24	25	26	27	46	47	55
10	6	7	8	9	13	15	22	24	26	27	43	46	47
11	6	7	8	9	13	22	24	26	28	29	31	35	36	43	45	46	48
12	6	7	9	11	18	19	21	24	26	27	29	31	33	35	36	46	48	57
13	6	7	10	11	13	27	35	36	44	57
14	9	10	11	18	19	27	35	36	43
15	5	6	7	8	9	10	11	12	13	43	57
16	22	23	24	25	26	27	28	29	30	31	32	33
17	44	45
18	46	47
19	46	48